Total: 	5266.320509 ms
Inputting: 	0.321106 ms
Unfolding: 	73.330718 ms
Retrieving: 	5191.264412 ms
Outputting: 	0.681017 ms
