Total: 	256.787502 ms
Inputting: 	0.368804 ms
Unfolding: 	7.956422 ms
Retrieving: 	247.750686 ms
Outputting: 	0.305612 ms
