Total: 	51494.814654 ms
Inputting: 	0.305119 ms
Unfolding: 	2.609331 ms
Retrieving: 	50488.063838 ms
Outputting: 	1003.54206 ms
