Total: 	15429.680176 ms
Inputting: 	0.403454 ms
Unfolding: 	106.30605 ms
Retrieving: 	15321.60438 ms
Outputting: 	0.564298 ms
