Total: 	94.828545 ms
Inputting: 	0.276595 ms
Unfolding: 	8.725077 ms
Retrieving: 	85.137911 ms
Outputting: 	0.195769 ms
