Total: 	43498.51598 ms
Inputting: 	0.285573 ms
Unfolding: 	925.539375 ms
Retrieving: 	42570.661595 ms
Outputting: 	0.383374 ms
