Total: 	30.214309 ms
Inputting: 	0.394025 ms
Unfolding: 	5.207196 ms
Retrieving: 	24.041099 ms
Outputting: 	0.197634 ms
