Total: 	65303.493219 ms
Inputting: 	0.303276 ms
Unfolding: 	161.704989 ms
Retrieving: 	65100.972924 ms
Outputting: 	39.229959 ms
