Total: 	3597.617569 ms
Inputting: 	0.389388 ms
Unfolding: 	14.180821 ms
Retrieving: 	3572.768927 ms
Outputting: 	9.832324 ms
