Total: 	43.905838 ms
Inputting: 	2.509417 ms
Unfolding: 	6.159699 ms
Retrieving: 	34.510344 ms
Outputting: 	0.364347 ms
