Total: 	8404.82606 ms
Inputting: 	0.41352 ms
Unfolding: 	2.375697 ms
Retrieving: 	7859.358919 ms
Outputting: 	542.325293 ms
