Total: 	88.377674 ms
Inputting: 	0.392444 ms
Unfolding: 	2.734661 ms
Retrieving: 	84.771584 ms
Outputting: 	0.193483 ms
