Total: 	13.324662 ms
Inputting: 	0.431425 ms
Unfolding: 	3.937 ms
Retrieving: 	8.328621 ms
Outputting: 	0.144949 ms
