Total: 	4990.807991 ms
Inputting: 	0.413168 ms
Unfolding: 	53.214393 ms
Retrieving: 	4935.913698 ms
Outputting: 	0.421669 ms
