Total: 	37.737842 ms
Inputting: 	0.452789 ms
Unfolding: 	3.083816 ms
Retrieving: 	33.64329 ms
Outputting: 	0.176467 ms
