Total: 	313.629748 ms
Inputting: 	0.34607 ms
Unfolding: 	98.118236 ms
Retrieving: 	116.035293 ms
Outputting: 	91.120458 ms
