Total: 	10922.241325 ms
Inputting: 	0.367699 ms
Unfolding: 	10.354299 ms
Retrieving: 	9439.327897 ms
Outputting: 	1471.784557 ms
