Total: 	59.392252 ms
Inputting: 	0.388072 ms
Unfolding: 	7.803113 ms
Retrieving: 	35.069425 ms
Outputting: 	15.508217 ms
