Total: 	10878.25718 ms
Inputting: 	0.384388 ms
Unfolding: 	15.503541 ms
Retrieving: 	9778.3717 ms
Outputting: 	1083.596616 ms
