Total: 	315160.667396 ms
Inputting: 	0.457781 ms
Unfolding: 	71.457901 ms
Retrieving: 	313628.952517 ms
Outputting: 	1459.289022 ms
