Total: 	1440.756163 ms
Inputting: 	0.369758 ms
Unfolding: 	8.4214 ms
Retrieving: 	1402.253431 ms
Outputting: 	29.288287 ms
