Total: 	636.081143 ms
Inputting: 	1.704947 ms
Unfolding: 	4.659983 ms
Retrieving: 	605.83619 ms
Outputting: 	23.525783 ms
