Total: 	20968.544151 ms
Inputting: 	0.354015 ms
Unfolding: 	7.861318 ms
Retrieving: 	20160.130258 ms
Outputting: 	799.771603 ms
