Total: 	20456.487679 ms
Inputting: 	0.321485 ms
Unfolding: 	5.814219 ms
Retrieving: 	19646.722219 ms
Outputting: 	803.170036 ms
