Total: 	1642.977216 ms
Inputting: 	0.429962 ms
Unfolding: 	364.97008 ms
Retrieving: 	1274.265404 ms
Outputting: 	2.787401 ms
