Total: 	269.930535 ms
Inputting: 	0.282182 ms
Unfolding: 	3.27099 ms
Retrieving: 	244.624831 ms
Outputting: 	21.423941 ms
