Total: 	4073.119437 ms
Inputting: 	0.339977 ms
Unfolding: 	36.772287 ms
Retrieving: 	3937.179984 ms
Outputting: 	98.33444 ms
