Total: 	698.570777 ms
Inputting: 	0.310971 ms
Unfolding: 	144.529401 ms
Retrieving: 	399.52578 ms
Outputting: 	148.872095 ms
