Total: 	22572.332778 ms
Inputting: 	0.375203 ms
Unfolding: 	13.293754 ms
Retrieving: 	19679.571857 ms
Outputting: 	2878.293224 ms
