Total: 	80.72823 ms
Inputting: 	0.325335 ms
Unfolding: 	6.401829 ms
Retrieving: 	45.463055 ms
Outputting: 	27.231581 ms
