Total: 	80542.573234 ms
Inputting: 	0.413959 ms
Unfolding: 	13.160011 ms
Retrieving: 	77719.511581 ms
Outputting: 	2808.566443 ms
