Total: 	143811.991077 ms
Inputting: 	0.354766 ms
Unfolding: 	11.576853 ms
Retrieving: 	143785.691726 ms
Outputting: 	13.538742 ms
