Total: 	553.691784 ms
Inputting: 	0.441553 ms
Unfolding: 	8.054708 ms
Retrieving: 	537.408626 ms
Outputting: 	6.900537 ms
