Total: 	15604.933194 ms
Inputting: 	0.38825 ms
Unfolding: 	8.677949 ms
Retrieving: 	15252.074759 ms
Outputting: 	342.867348 ms
