Total: 	13506.906211 ms
Inputting: 	0.365163 ms
Unfolding: 	9.458155 ms
Retrieving: 	13115.437451 ms
Outputting: 	380.772418 ms
