Total: 	3251.210511 ms
Inputting: 	0.357373 ms
Unfolding: 	468.986919 ms
Retrieving: 	2779.833635 ms
Outputting: 	1.101169 ms
