Total: 	311.377813 ms
Inputting: 	0.378359 ms
Unfolding: 	1.909319 ms
Retrieving: 	299.741263 ms
Outputting: 	8.624011 ms
