Total: 	5867.706285 ms
Inputting: 	0.353936 ms
Unfolding: 	34.071977 ms
Retrieving: 	5794.300819 ms
Outputting: 	38.178545 ms
