Total: 	354.600057 ms
Inputting: 	0.450263 ms
Unfolding: 	128.951721 ms
Retrieving: 	122.618271 ms
Outputting: 	92.605542 ms
