Total: 	10641.593671 ms
Inputting: 	0.296854 ms
Unfolding: 	17.912682 ms
Retrieving: 	9372.094554 ms
Outputting: 	1250.793025 ms
