Total: 	53.158073 ms
Inputting: 	0.336387 ms
Unfolding: 	8.366664 ms
Retrieving: 	28.766708 ms
Outputting: 	15.152983 ms
