Total: 	12277.246995 ms
Inputting: 	0.406824 ms
Unfolding: 	24.252251 ms
Retrieving: 	11154.911238 ms
Outputting: 	1097.129251 ms
