Total: 	112740.45499 ms
Inputting: 	0.365959 ms
Unfolding: 	389.059798 ms
Retrieving: 	111109.883548 ms
Outputting: 	1240.430521 ms
