Total: 	1883.246816 ms
Inputting: 	0.457234 ms
Unfolding: 	20.677694 ms
Retrieving: 	1828.895335 ms
Outputting: 	32.688268 ms
