Total: 	597.144198 ms
Inputting: 	0.390028 ms
Unfolding: 	13.07318 ms
Retrieving: 	560.762531 ms
Outputting: 	22.508883 ms
