Total: 	20034.126665 ms
Inputting: 	0.305593 ms
Unfolding: 	13.754397 ms
Retrieving: 	19295.748258 ms
Outputting: 	723.80778 ms
