Total: 	20250.114809 ms
Inputting: 	0.372423 ms
Unfolding: 	15.172529 ms
Retrieving: 	19503.476428 ms
Outputting: 	730.449589 ms
