Total: 	1571.258825 ms
Inputting: 	0.419694 ms
Unfolding: 	406.615986 ms
Retrieving: 	1160.700594 ms
Outputting: 	2.775918 ms
