Total: 	285.092498 ms
Inputting: 	0.38946 ms
Unfolding: 	7.085726 ms
Retrieving: 	250.466725 ms
Outputting: 	26.715596 ms
