Total: 	4085.887649 ms
Inputting: 	0.312895 ms
Unfolding: 	45.96757 ms
Retrieving: 	3960.866508 ms
Outputting: 	78.231604 ms
