Total: 	1358.048543 ms
Inputting: 	0.347843 ms
Unfolding: 	150.083097 ms
Retrieving: 	1135.613321 ms
Outputting: 	64.80488 ms
