Total: 	35002.162369 ms
Inputting: 	0.404182 ms
Unfolding: 	10.846618 ms
Retrieving: 	33709.472986 ms
Outputting: 	1281.004984 ms
