Total: 	132.93669 ms
Inputting: 	0.4414 ms
Unfolding: 	8.132693 ms
Retrieving: 	110.6853 ms
Outputting: 	12.919603 ms
