Total: 	60039.521228 ms
Inputting: 	0.428435 ms
Unfolding: 	14.833383 ms
Retrieving: 	59147.456995 ms
Outputting: 	873.585412 ms
