Total: 	32288.288355 ms
Inputting: 	0.468401 ms
Unfolding: 	8.626859 ms
Retrieving: 	32247.432084 ms
Outputting: 	31.285248 ms
