Total: 	1559.953335 ms
Inputting: 	2.019138 ms
Unfolding: 	7.941148 ms
Retrieving: 	1526.97975 ms
Outputting: 	22.547699 ms
