Total: 	17920.449762 ms
Inputting: 	0.344944 ms
Unfolding: 	8.321906 ms
Retrieving: 	16526.028591 ms
Outputting: 	1385.287275 ms
