Total: 	15589.334617 ms
Inputting: 	2.977905 ms
Unfolding: 	7.302165 ms
Retrieving: 	14035.288929 ms
Outputting: 	1543.116765 ms
