Total: 	3673.713981 ms
Inputting: 	0.378586 ms
Unfolding: 	474.523256 ms
Retrieving: 	3196.139189 ms
Outputting: 	2.025385 ms
