Total: 	157.504305 ms
Inputting: 	3.481148 ms
Unfolding: 	3.500476 ms
Retrieving: 	130.000515 ms
Outputting: 	20.079846 ms
