Total: 	6951.266692 ms
Inputting: 	0.367146 ms
Unfolding: 	27.135855 ms
Retrieving: 	6837.537994 ms
Outputting: 	85.745877 ms
