Total: 	15280.413855 ms
Inputting: 	0.325625 ms
Unfolding: 	163.366829 ms
Retrieving: 	14432.07095 ms
Outputting: 	676.266188 ms
