Total: 	2703.706992 ms
Inputting: 	0.475423 ms
Unfolding: 	15.087485 ms
Retrieving: 	2339.066046 ms
Outputting: 	348.305155 ms
