Total: 	542.317674 ms
Inputting: 	0.456374 ms
Unfolding: 	8.419928 ms
Retrieving: 	399.062616 ms
Outputting: 	133.25115 ms
