Total: 	19725.758627 ms
Inputting: 	0.420941 ms
Unfolding: 	9.170509 ms
Retrieving: 	17199.12919 ms
Outputting: 	2516.129358 ms
