Total: 	49.488106 ms
Inputting: 	0.447372 ms
Unfolding: 	10.494467 ms
Retrieving: 	37.327409 ms
Outputting: 	0.31354 ms
