Total: 	60860.152056 ms
Inputting: 	0.362772 ms
Unfolding: 	95.312055 ms
Retrieving: 	58663.689073 ms
Outputting: 	2099.810677 ms
