Total: 	1286.892043 ms
Inputting: 	0.418485 ms
Unfolding: 	7.004778 ms
Retrieving: 	1278.280136 ms
Outputting: 	0.1748 ms
