Total: 	547.891183 ms
Inputting: 	0.309685 ms
Unfolding: 	3.744531 ms
Retrieving: 	540.529475 ms
Outputting: 	2.369314 ms
