Total: 	10157.809892 ms
Inputting: 	0.401784 ms
Unfolding: 	68.391723 ms
Retrieving: 	10068.398391 ms
Outputting: 	19.396684 ms
