Total: 	3126.705481 ms
Inputting: 	0.411385 ms
Unfolding: 	28.671968 ms
Retrieving: 	2979.572854 ms
Outputting: 	117.170707 ms
