Total: 	15246.751673 ms
Inputting: 	0.383207 ms
Unfolding: 	52.274642 ms
Retrieving: 	14511.654081 ms
Outputting: 	681.52223 ms
