Total: 	29653.291799 ms
Inputting: 	0.434442 ms
Unfolding: 	113.204954 ms
Retrieving: 	28051.891924 ms
Outputting: 	1486.652988 ms
