Total: 	15545.850362 ms
Inputting: 	0.397604 ms
Unfolding: 	9.518922 ms
Retrieving: 	15201.537156 ms
Outputting: 	333.455135 ms
