Total: 	16903.823544 ms
Inputting: 	0.386185 ms
Unfolding: 	2.827852 ms
Retrieving: 	16627.46243 ms
Outputting: 	272.442616 ms
