Total: 	11102.805654 ms
Inputting: 	0.320974 ms
Unfolding: 	3.235005 ms
Retrieving: 	11054.906142 ms
Outputting: 	43.650253 ms
