Total: 	25085.286094 ms
Inputting: 	0.393559 ms
Unfolding: 	2.641041 ms
Retrieving: 	24681.93971 ms
Outputting: 	399.422545 ms
