Total: 	52098.632658 ms
Inputting: 	0.405366 ms
Unfolding: 	19.343525 ms
Retrieving: 	51047.487492 ms
Outputting: 	1030.370309 ms
