Total: 	84498.255432 ms
Inputting: 	0.389876 ms
Unfolding: 	38.047816 ms
Retrieving: 	84224.29718 ms
Outputting: 	234.543927 ms
