Total: 	143668.182148 ms
Inputting: 	1.572586 ms
Unfolding: 	93.411778 ms
Retrieving: 	143203.255964 ms
Outputting: 	368.858994 ms
