Total: 	1200060.195494 ms
Inputting: 	0.329419 ms
Unfolding: 	4.654529 ms
Retrieving: 	ERROR: SQL query execution returns NULL
