Total: 	7665.567558 ms
Inputting: 	0.402728 ms
Unfolding: 	7.228494 ms
Retrieving: 	7475.065593 ms
Outputting: 	182.088694 ms
