Total: 	11824.118649 ms
Inputting: 	0.28994 ms
Unfolding: 	170.798794 ms
Retrieving: 	9817.181411 ms
Outputting: 	1829.027066 ms
