Total: 	2679.76836 ms
Inputting: 	0.43749 ms
Unfolding: 	19.374407 ms
Retrieving: 	2334.904476 ms
Outputting: 	324.233663 ms
