Total: 	613.351962 ms
Inputting: 	0.419118 ms
Unfolding: 	8.726521 ms
Retrieving: 	469.642278 ms
Outputting: 	133.455427 ms
