Total: 	73749.068716 ms
Inputting: 	0.405335 ms
Unfolding: 	16.988095 ms
Retrieving: 	71046.099887 ms
Outputting: 	2684.444915 ms
