Total: 	52.778288 ms
Inputting: 	0.510028 ms
Unfolding: 	10.859899 ms
Retrieving: 	40.43451 ms
Outputting: 	0.157595 ms
