Total: 	75968.841017 ms
Inputting: 	0.398516 ms
Unfolding: 	217.780422 ms
Retrieving: 	73675.083008 ms
Outputting: 	2074.420737 ms
