Total: 	1391.031985 ms
Inputting: 	0.46714 ms
Unfolding: 	13.638883 ms
Retrieving: 	1374.689975 ms
Outputting: 	1.209722 ms
