Total: 	482.282089 ms
Inputting: 	0.356404 ms
Unfolding: 	6.809925 ms
Retrieving: 	471.067647 ms
Outputting: 	3.257511 ms
