Total: 	8490.552436 ms
Inputting: 	0.322114 ms
Unfolding: 	94.214447 ms
Retrieving: 	8375.590909 ms
Outputting: 	19.554875 ms
