Total: 	2282.312322 ms
Inputting: 	0.401666 ms
Unfolding: 	111.790462 ms
Retrieving: 	2053.973603 ms
Outputting: 	115.230175 ms
