Total: 	50485.073747 ms
Inputting: 	0.477284 ms
Unfolding: 	80.594112 ms
Retrieving: 	49713.090383 ms
Outputting: 	689.770901 ms
