Total: 	100995.397348 ms
Inputting: 	0.42878 ms
Unfolding: 	143.33987 ms
Retrieving: 	99436.924238 ms
Outputting: 	1413.830484 ms
