Total: 	7509.998747 ms
Inputting: 	1.080478 ms
Unfolding: 	9.086711 ms
Retrieving: 	7191.333597 ms
Outputting: 	307.695566 ms
