Total: 	6201.283411 ms
Inputting: 	0.369293 ms
Unfolding: 	6.364658 ms
Retrieving: 	4565.99513 ms
Outputting: 	1627.558396 ms
