Total: 	2988.388291 ms
Inputting: 	0.329058 ms
Unfolding: 	4.025255 ms
Retrieving: 	2865.798968 ms
Outputting: 	117.420742 ms
