Total: 	13382.454655 ms
Inputting: 	0.315041 ms
Unfolding: 	2.812779 ms
Retrieving: 	7512.906677 ms
Outputting: 	5865.549113 ms
