Total: 	45221.610859 ms
Inputting: 	0.248334 ms
Unfolding: 	25.65248 ms
Retrieving: 	43672.484109 ms
Outputting: 	1522.295512 ms
