Total: 	59200.151431 ms
Inputting: 	0.445613 ms
Unfolding: 	108.003478 ms
Retrieving: 	57356.42221 ms
Outputting: 	1734.372134 ms
