Total: 	103498.645721 ms
Inputting: 	0.443345 ms
Unfolding: 	151.123318 ms
Retrieving: 	102986.784694 ms
Outputting: 	359.31397 ms
