Total: 	1238379.644224 ms
Inputting: 	0.422573 ms
Unfolding: 	7.263598 ms
Retrieving: 	ERROR: SQL query execution returns NULL
