Total: 	5069.436185 ms
Inputting: 	0.383865 ms
Unfolding: 	12.264489 ms
Retrieving: 	5045.480913 ms
Outputting: 	10.610537 ms
