Total: 	3477.368231 ms
Inputting: 	0.330275 ms
Unfolding: 	7.871631 ms
Retrieving: 	2664.973276 ms
Outputting: 	803.14635 ms
