Total: 	7972.309372 ms
Inputting: 	0.356949 ms
Unfolding: 	213.510858 ms
Retrieving: 	6232.25413 ms
Outputting: 	1512.309542 ms
