Total: 	4678.800201 ms
Inputting: 	0.483509 ms
Unfolding: 	18.446224 ms
Retrieving: 	4528.213915 ms
Outputting: 	131.264647 ms
