Total: 	1124.454723 ms
Inputting: 	0.500903 ms
Unfolding: 	9.166595 ms
Retrieving: 	1060.871804 ms
Outputting: 	53.373907 ms
