Total: 	32587.408508 ms
Inputting: 	0.367445 ms
Unfolding: 	13.573308 ms
Retrieving: 	31383.059999 ms
Outputting: 	1189.974512 ms
