Total: 	97.086153 ms
Inputting: 	0.379663 ms
Unfolding: 	10.798988 ms
Retrieving: 	85.174536 ms
Outputting: 	0.174081 ms
