Total: 	191791.253428 ms
Inputting: 	0.40828 ms
Unfolding: 	254.562248 ms
Retrieving: 	190541.752137 ms
Outputting: 	994.062226 ms
