Total: 	1079.59124 ms
Inputting: 	0.398587 ms
Unfolding: 	5.790402 ms
Retrieving: 	1072.772034 ms
Outputting: 	0.215834 ms
