Total: 	414.848392 ms
Inputting: 	0.406214 ms
Unfolding: 	7.641512 ms
Retrieving: 	400.022418 ms
Outputting: 	6.30555 ms
