Total: 	3607.16415 ms
Inputting: 	0.323844 ms
Unfolding: 	104.567097 ms
Retrieving: 	3489.68546 ms
Outputting: 	12.06809 ms
