Total: 	5880.945635 ms
Inputting: 	0.551198 ms
Unfolding: 	59.887189 ms
Retrieving: 	5774.430019 ms
Outputting: 	45.49814 ms
