Total: 	9106.437325 ms
Inputting: 	0.314422 ms
Unfolding: 	8.868891 ms
Retrieving: 	8484.376119 ms
Outputting: 	612.578086 ms
