Total: 	11306.04231 ms
Inputting: 	0.384918 ms
Unfolding: 	6.040837 ms
Retrieving: 	10763.945404 ms
Outputting: 	535.18534 ms
