Total: 	5347.065191 ms
Inputting: 	0.3378 ms
Unfolding: 	5.407463 ms
Retrieving: 	5261.543481 ms
Outputting: 	79.40878 ms
