Total: 	15371.952352 ms
Inputting: 	0.257637 ms
Unfolding: 	2.359637 ms
Retrieving: 	14342.146067 ms
Outputting: 	1026.883637 ms
