Total: 	42850.314049 ms
Inputting: 	0.34857 ms
Unfolding: 	26.48357 ms
Retrieving: 	40945.910079 ms
Outputting: 	1877.112449 ms
