Total: 	87418.461195 ms
Inputting: 	0.344463 ms
Unfolding: 	95.136322 ms
Retrieving: 	86885.49944 ms
Outputting: 	436.892467 ms
