Total: 	165448.462354 ms
Inputting: 	0.295822 ms
Unfolding: 	137.848612 ms
Retrieving: 	164507.502388 ms
Outputting: 	802.175206 ms
