Total: 	72795.639885 ms
Inputting: 	0.374856 ms
Unfolding: 	5.318197 ms
Retrieving: 	70489.65641 ms
Outputting: 	2299.860936 ms
