Total: 	719.816491 ms
Inputting: 	2.093438 ms
Unfolding: 	13.145338 ms
Retrieving: 	697.717602 ms
Outputting: 	6.507118 ms
