Total: 	107562.095017 ms
Inputting: 	0.249479 ms
Unfolding: 	44.492773 ms
Retrieving: 	107357.754804 ms
Outputting: 	159.165967 ms
