Total: 	4226.578876 ms
Inputting: 	0.306454 ms
Unfolding: 	5.709821 ms
Retrieving: 	3824.979807 ms
Outputting: 	395.242509 ms
