Total: 	8027.105508 ms
Inputting: 	0.371157 ms
Unfolding: 	156.391418 ms
Retrieving: 	5085.139716 ms
Outputting: 	2779.120432 ms
