Total: 	901.774987 ms
Inputting: 	0.479424 ms
Unfolding: 	18.504676 ms
Retrieving: 	736.366354 ms
Outputting: 	145.886134 ms
