Total: 	275.162554 ms
Inputting: 	0.341414 ms
Unfolding: 	10.25179 ms
Retrieving: 	161.101673 ms
Outputting: 	102.984343 ms
