Total: 	3973.559437 ms
Inputting: 	2.718731 ms
Unfolding: 	10.358701 ms
Retrieving: 	1492.283125 ms
Outputting: 	2467.784104 ms
