Total: 	65.763315 ms
Inputting: 	3.616781 ms
Unfolding: 	7.138772 ms
Retrieving: 	54.132855 ms
Outputting: 	0.380424 ms
