Total: 	620655.605331 ms
Inputting: 	0.492642 ms
Unfolding: 	193.035867 ms
Retrieving: 	618261.985201 ms
Outputting: 	2200.091621 ms
