Total: 	1193.44435 ms
Inputting: 	0.722271 ms
Unfolding: 	18.011346 ms
Retrieving: 	1173.46217 ms
Outputting: 	0.360784 ms
