Total: 	413.023369 ms
Inputting: 	0.384473 ms
Unfolding: 	5.090286 ms
Retrieving: 	401.580753 ms
Outputting: 	5.659676 ms
