Total: 	2850.274465 ms
Inputting: 	0.427386 ms
Unfolding: 	111.506289 ms
Retrieving: 	2723.109014 ms
Outputting: 	14.612276 ms
