Total: 	12473.200789 ms
Inputting: 	0.402799 ms
Unfolding: 	92.420043 ms
Retrieving: 	12320.885462 ms
Outputting: 	58.470893 ms
