Total: 	33100.79239 ms
Inputting: 	0.432672 ms
Unfolding: 	66.662742 ms
Retrieving: 	32171.133767 ms
Outputting: 	862.084961 ms
