Total: 	61564.552219 ms
Inputting: 	0.463425 ms
Unfolding: 	120.848541 ms
Retrieving: 	59493.065648 ms
Outputting: 	1949.627129 ms
