Total: 	8219.953737 ms
Inputting: 	0.392828 ms
Unfolding: 	8.062927 ms
Retrieving: 	6539.269114 ms
Outputting: 	1671.881413 ms
