Total: 	11218.318845 ms
Inputting: 	1.016859 ms
Unfolding: 	3.864113 ms
Retrieving: 	9692.235343 ms
Outputting: 	1520.864913 ms
