Total: 	7003.796515 ms
Inputting: 	0.364499 ms
Unfolding: 	3.681149 ms
Retrieving: 	6602.001472 ms
Outputting: 	397.436997 ms
