Total: 	8416.596705 ms
Inputting: 	0.367092 ms
Unfolding: 	3.423915 ms
Retrieving: 	6291.456764 ms
Outputting: 	2120.911176 ms
