Total: 	50597.087909 ms
Inputting: 	0.316455 ms
Unfolding: 	30.181874 ms
Retrieving: 	45564.945366 ms
Outputting: 	5001.232322 ms
