Total: 	529523.314507 ms
Inputting: 	0.335313 ms
Unfolding: 	102.540408 ms
Retrieving: 	527063.78748 ms
Outputting: 	2356.090512 ms
