Total: 	538050.471999 ms
Inputting: 	0.347065 ms
Unfolding: 	155.943851 ms
Retrieving: 	533846.735761 ms
Outputting: 	4046.866937 ms
