Total: 	49158.056178 ms
Inputting: 	0.365578 ms
Unfolding: 	4.690603 ms
Retrieving: 	43247.111995 ms
Outputting: 	5905.47908 ms
