Total: 	4308.147131 ms
Inputting: 	0.322991 ms
Unfolding: 	15.501676 ms
Retrieving: 	4285.995646 ms
Outputting: 	5.991338 ms
