Total: 	116029.832573 ms
Inputting: 	0.359916 ms
Unfolding: 	54.531361 ms
Retrieving: 	115507.317347 ms
Outputting: 	466.990838 ms
