Total: 	11196.234926 ms
Inputting: 	0.31485 ms
Unfolding: 	15.637862 ms
Retrieving: 	10102.755312 ms
Outputting: 	1077.118045 ms
