Total: 	213700.831799 ms
Inputting: 	0.384248 ms
Unfolding: 	193.871118 ms
Retrieving: 	213342.263876 ms
Outputting: 	163.338647 ms
