Total: 	3212.498577 ms
Inputting: 	0.364634 ms
Unfolding: 	2.227384 ms
Retrieving: 	2239.743654 ms
Outputting: 	969.811095 ms
