Total: 	56.895407 ms
Inputting: 	0.34872 ms
Unfolding: 	5.906212 ms
Retrieving: 	49.969231 ms
Outputting: 	0.246965 ms
