Total: 	29.508343 ms
Inputting: 	0.426126 ms
Unfolding: 	8.890883 ms
Retrieving: 	19.200879 ms
Outputting: 	0.627958 ms
