Total: 	734.455473 ms
Inputting: 	0.40797 ms
Unfolding: 	15.869489 ms
Retrieving: 	694.147711 ms
Outputting: 	23.654505 ms
