Total: 	1670.884841 ms
Inputting: 	0.334863 ms
Unfolding: 	52.190022 ms
Retrieving: 	1617.375618 ms
Outputting: 	0.413584 ms
