Total: 	1702.332334 ms
Inputting: 	0.391803 ms
Unfolding: 	5.602892 ms
Retrieving: 	1695.693322 ms
Outputting: 	0.220809 ms
