Total: 	89.372577 ms
Inputting: 	0.428132 ms
Unfolding: 	3.66348 ms
Retrieving: 	84.608039 ms
Outputting: 	0.262151 ms
