Total: 	28841.346829 ms
Inputting: 	0.377996 ms
Unfolding: 	555.324761 ms
Retrieving: 	28284.156565 ms
Outputting: 	0.218152 ms
