Total: 	15537.291161 ms
Inputting: 	0.369237 ms
Unfolding: 	2.680551 ms
Retrieving: 	13719.42326 ms
Outputting: 	1814.414741 ms
