Total: 	82.320014 ms
Inputting: 	0.39675 ms
Unfolding: 	3.033718 ms
Retrieving: 	78.345019 ms
Outputting: 	0.235835 ms
