Total: 	146.13227 ms
Inputting: 	0.439551 ms
Unfolding: 	3.003381 ms
Retrieving: 	142.05368 ms
Outputting: 	0.28481 ms
