Total: 	14072.094973 ms
Inputting: 	0.399602 ms
Unfolding: 	67.953658 ms
Retrieving: 	14002.146684 ms
Outputting: 	1.006454 ms
