Total: 	286.737157 ms
Inputting: 	0.26487 ms
Unfolding: 	7.792247 ms
Retrieving: 	277.372056 ms
Outputting: 	0.788293 ms
