Total: 	1491.841337 ms
Inputting: 	0.414187 ms
Unfolding: 	185.285901 ms
Retrieving: 	1224.50581 ms
Outputting: 	73.585571 ms
