Total: 	35049.993498 ms
Inputting: 	0.408647 ms
Unfolding: 	33.342394 ms
Retrieving: 	33750.812865 ms
Outputting: 	1265.024345 ms
