Total: 	110.496139 ms
Inputting: 	0.457119 ms
Unfolding: 	8.457669 ms
Retrieving: 	93.119495 ms
Outputting: 	8.046203 ms
