Total: 	23224.388864 ms
Inputting: 	0.306508 ms
Unfolding: 	29.613019 ms
Retrieving: 	22292.398563 ms
Outputting: 	901.57314 ms
