Total: 	32733.63556 ms
Inputting: 	0.456729 ms
Unfolding: 	184.276512 ms
Retrieving: 	31203.446657 ms
Outputting: 	1343.935454 ms
