Total: 	2785.903287 ms
Inputting: 	0.350096 ms
Unfolding: 	14.406041 ms
Retrieving: 	2743.065462 ms
Outputting: 	27.646291 ms
