Total: 	1431.956479 ms
Inputting: 	0.31666 ms
Unfolding: 	12.244294 ms
Retrieving: 	1397.851478 ms
Outputting: 	21.1472 ms
