Total: 	17866.525297 ms
Inputting: 	0.335082 ms
Unfolding: 	10.779693 ms
Retrieving: 	433.421425 ms
Outputting: 	17421.530926 ms
