Total: 	13634.811862 ms
Inputting: 	0.389084 ms
Unfolding: 	9.033537 ms
Retrieving: 	243.995452 ms
Outputting: 	13380.969707 ms
