Total: 	3412.527766 ms
Inputting: 	0.438963 ms
Unfolding: 	373.234736 ms
Retrieving: 	3024.865539 ms
Outputting: 	13.497345 ms
