Total: 	130.141823 ms
Inputting: 	0.376371 ms
Unfolding: 	5.466222 ms
Retrieving: 	28.503855 ms
Outputting: 	95.329882 ms
