Total: 	6765.536935 ms
Inputting: 	0.416055 ms
Unfolding: 	56.097324 ms
Retrieving: 	680.039389 ms
Outputting: 	6028.503702 ms
