Total: 	259249.230256 ms
Inputting: 	0.121185 ms
Unfolding: 	115.58784 ms
Retrieving: 	259120.390852 ms
Outputting: 	11.888527 ms
