Total: 	24087.9474 ms
Inputting: 	0.0867 ms
Unfolding: 	2.094439 ms
Retrieving: 	23755.964656 ms
Outputting: 	328.930895 ms
