Total: 	46.360866 ms
Inputting: 	0.112237 ms
Unfolding: 	2.200414 ms
Retrieving: 	42.972442 ms
Outputting: 	0.219069 ms
