Total: 	6.683188 ms
Inputting: 	0.116338 ms
Unfolding: 	3.283323 ms
Retrieving: 	2.174506 ms
Outputting: 	0.156851 ms
