Total: 	8.292846 ms
Inputting: 	0.106794 ms
Unfolding: 	5.527731 ms
Retrieving: 	1.608474 ms
Outputting: 	0.218563 ms
