Total: 	252.093107 ms
Inputting: 	0.119916 ms
Unfolding: 	49.273898 ms
Retrieving: 	201.416586 ms
Outputting: 	0.313452 ms
