Total: 	1248.87951 ms
Inputting: 	0.133272 ms
Unfolding: 	305.050573 ms
Retrieving: 	942.609437 ms
Outputting: 	0.193576 ms
