Total: 	214.897161 ms
Inputting: 	0.069412 ms
Unfolding: 	2.770132 ms
Retrieving: 	210.905794 ms
Outputting: 	0.245547 ms
