Total: 	17.734606 ms
Inputting: 	0.140976 ms
Unfolding: 	5.320148 ms
Retrieving: 	10.535304 ms
Outputting: 	0.926316 ms
