Total: 	128.597973 ms
Inputting: 	0.106093 ms
Unfolding: 	2.916021 ms
Retrieving: 	124.298128 ms
Outputting: 	0.364572 ms
