Total: 	845.668305 ms
Inputting: 	0.104792 ms
Unfolding: 	11.25984 ms
Retrieving: 	829.033912 ms
Outputting: 	4.272304 ms
