Total: 	1557.118332 ms
Inputting: 	0.118363 ms
Unfolding: 	2.162819 ms
Retrieving: 	282.359563 ms
Outputting: 	1271.346044 ms
