Total: 	289.933099 ms
Inputting: 	0.115153 ms
Unfolding: 	8.187799 ms
Retrieving: 	280.220824 ms
Outputting: 	0.297195 ms
