Total: 	8477.333419 ms
Inputting: 	0.077447 ms
Unfolding: 	42.675782 ms
Retrieving: 	8431.354186 ms
Outputting: 	1.865069 ms
