Total: 	771.521029 ms
Inputting: 	0.140529 ms
Unfolding: 	127.625594 ms
Retrieving: 	499.6781 ms
Outputting: 	140.78803 ms
