Total: 	82019.048084 ms
Inputting: 	0.085407 ms
Unfolding: 	23.345203 ms
Retrieving: 	79313.643986 ms
Outputting: 	2681.189517 ms
