Total: 	70.512706 ms
Inputting: 	0.170835 ms
Unfolding: 	9.493659 ms
Retrieving: 	43.469554 ms
Outputting: 	16.43744 ms
