Total: 	63286.61041 ms
Inputting: 	0.089736 ms
Unfolding: 	22.665787 ms
Retrieving: 	60886.126023 ms
Outputting: 	2376.90988 ms
