Total: 	10144.246362 ms
Inputting: 	0.137001 ms
Unfolding: 	17.739378 ms
Retrieving: 	10043.512893 ms
Outputting: 	81.843052 ms
