Total: 	757.105179 ms
Inputting: 	0.139366 ms
Unfolding: 	14.957472 ms
Retrieving: 	684.572923 ms
Outputting: 	56.346261 ms
