Total: 	19385.800117 ms
Inputting: 	0.133964 ms
Unfolding: 	10.900391 ms
Retrieving: 	19019.33694 ms
Outputting: 	354.702345 ms
