Total: 	15713.874778 ms
Inputting: 	0.199163 ms
Unfolding: 	13.055873 ms
Retrieving: 	15318.358624 ms
Outputting: 	381.429076 ms
