Total: 	3186.430186 ms
Inputting: 	0.289061 ms
Unfolding: 	456.655576 ms
Retrieving: 	2727.633772 ms
Outputting: 	0.945608 ms
