Total: 	62.311213 ms
Inputting: 	0.10686 ms
Unfolding: 	2.935985 ms
Retrieving: 	24.814308 ms
Outputting: 	33.733883 ms
