Total: 	5267.015847 ms
Inputting: 	0.091826 ms
Unfolding: 	33.318175 ms
Retrieving: 	5196.683 ms
Outputting: 	36.100216 ms
