Total: 	1820.516574 ms
Inputting: 	0.403699 ms
Unfolding: 	333.566094 ms
Retrieving: 	1484.944243 ms
Outputting: 	0.206892 ms
