Total: 	1282.674833 ms
Inputting: 	0.412192 ms
Unfolding: 	11.406054 ms
Retrieving: 	1261.88646 ms
Outputting: 	8.486272 ms
