Total: 	41.719426 ms
Inputting: 	0.384685 ms
Unfolding: 	1.686719 ms
Retrieving: 	39.168763 ms
Outputting: 	0.148709 ms
