Total: 	152757.274277 ms
Inputting: 	0.454493 ms
Unfolding: 	65.615723 ms
Retrieving: 	152640.410602 ms
Outputting: 	48.68069 ms
