Total: 	1418.202732 ms
Inputting: 	0.437628 ms
Unfolding: 	34.219297 ms
Retrieving: 	1382.333727 ms
Outputting: 	0.33277 ms
