Total: 	24120.386149 ms
Inputting: 	0.63338 ms
Unfolding: 	2.282469 ms
Retrieving: 	23308.898834 ms
Outputting: 	807.963882 ms
