Total: 	34.359099 ms
Inputting: 	0.36166 ms
Unfolding: 	3.567035 ms
Retrieving: 	29.686286 ms
Outputting: 	0.375271 ms
