Total: 	10.301607 ms
Inputting: 	0.32988 ms
Unfolding: 	2.319928 ms
Retrieving: 	6.827663 ms
Outputting: 	0.22096 ms
