Total: 	168.837796 ms
Inputting: 	0.251464 ms
Unfolding: 	2.254918 ms
Retrieving: 	165.748685 ms
Outputting: 	0.240582 ms
