Total: 	5034.695595 ms
Inputting: 	0.34038 ms
Unfolding: 	0.907119 ms
Retrieving: 	4573.594784 ms
Outputting: 	459.533886 ms
