Total: 	134.411426 ms
Inputting: 	0.351612 ms
Unfolding: 	2.371692 ms
Retrieving: 	130.958311 ms
Outputting: 	0.214125 ms
