Total: 	130.764535 ms
Inputting: 	0.395804 ms
Unfolding: 	8.51721 ms
Retrieving: 	121.029593 ms
Outputting: 	0.194382 ms
