Total: 	1000488.622412 ms
Inputting: 	0.332955 ms
Unfolding: 	27.889293 ms
Retrieving: 	ERROR: SQL query execution returns NULL
