Total: 	181.570773 ms
Inputting: 	0.469153 ms
Unfolding: 	2.713085 ms
Retrieving: 	177.67846 ms
Outputting: 	0.167874 ms
