Total: 	8196.921097 ms
Inputting: 	0.343173 ms
Unfolding: 	149.035826 ms
Retrieving: 	5244.76932 ms
Outputting: 	2799.01038 ms
