Total: 	1008.457338 ms
Inputting: 	0.432414 ms
Unfolding: 	17.774227 ms
Retrieving: 	778.160314 ms
Outputting: 	211.712138 ms
