Total: 	239.447767 ms
Inputting: 	0.430837 ms
Unfolding: 	4.329193 ms
Retrieving: 	157.519578 ms
Outputting: 	76.771941 ms
