Total: 	3697.380416 ms
Inputting: 	0.36517 ms
Unfolding: 	8.595393 ms
Retrieving: 	1482.210128 ms
Outputting: 	2205.81079 ms
