Total: 	79.530053 ms
Inputting: 	0.296735 ms
Unfolding: 	6.749109 ms
Retrieving: 	71.9862 ms
Outputting: 	0.199361 ms
