Total: 	548704.744768 ms
Inputting: 	0.355895 ms
Unfolding: 	137.947238 ms
Retrieving: 	546504.368211 ms
Outputting: 	2061.596123 ms
