Total: 	1161.112746 ms
Inputting: 	0.377786 ms
Unfolding: 	5.886861 ms
Retrieving: 	1154.258799 ms
Outputting: 	0.270119 ms
