Total: 	179.910008 ms
Inputting: 	0.377363 ms
Unfolding: 	3.464453 ms
Retrieving: 	171.341999 ms
Outputting: 	4.478926 ms
