Total: 	2810.306874 ms
Inputting: 	0.33527 ms
Unfolding: 	59.459505 ms
Retrieving: 	2740.381921 ms
Outputting: 	9.722831 ms
