Total: 	5339.717477 ms
Inputting: 	0.328866 ms
Unfolding: 	32.64872 ms
Retrieving: 	5224.607991 ms
Outputting: 	81.742814 ms
