Total: 	34030.436839 ms
Inputting: 	0.441751 ms
Unfolding: 	37.486635 ms
Retrieving: 	33220.002237 ms
Outputting: 	772.076916 ms
