Total: 	62184.535688 ms
Inputting: 	1.405762 ms
Unfolding: 	91.729526 ms
Retrieving: 	60415.756561 ms
Outputting: 	1674.888714 ms
