Total: 	3282.044031 ms
Inputting: 	0.375817 ms
Unfolding: 	6.995119 ms
Retrieving: 	2922.876913 ms
Outputting: 	351.423885 ms
