Total: 	57246.888358 ms
Inputting: 	0.373404 ms
Unfolding: 	6.206953 ms
Retrieving: 	52220.630842 ms
Outputting: 	5019.319568 ms
