Total: 	8345.429437 ms
Inputting: 	0.336987 ms
Unfolding: 	6.396636 ms
Retrieving: 	6759.358373 ms
Outputting: 	1578.988824 ms
