Total: 	11484.907459 ms
Inputting: 	0.421856 ms
Unfolding: 	4.61808 ms
Retrieving: 	10212.11311 ms
Outputting: 	1267.294775 ms
