Total: 	7545.114061 ms
Inputting: 	0.349146 ms
Unfolding: 	2.880281 ms
Retrieving: 	7185.485142 ms
Outputting: 	356.07338 ms
