Total: 	8473.570865 ms
Inputting: 	0.333444 ms
Unfolding: 	1.472082 ms
Retrieving: 	6556.426735 ms
Outputting: 	1915.043353 ms
