Total: 	38981.087459 ms
Inputting: 	0.305096 ms
Unfolding: 	20.071072 ms
Retrieving: 	34448.333383 ms
Outputting: 	4512.019608 ms
