Total: 	116586.777797 ms
Inputting: 	0.333689 ms
Unfolding: 	43.173039 ms
Retrieving: 	114368.597182 ms
Outputting: 	2174.190844 ms
