Total: 	200681.153403 ms
Inputting: 	0.400815 ms
Unfolding: 	75.133485 ms
Retrieving: 	196916.964035 ms
Outputting: 	3687.930218 ms
