Total: 	88344.916685 ms
Inputting: 	0.331949 ms
Unfolding: 	3.316714 ms
Retrieving: 	83114.60051 ms
Outputting: 	5226.255642 ms
