Total: 	11619.518264 ms
Inputting: 	0.369633 ms
Unfolding: 	3.955666 ms
Retrieving: 	11594.360043 ms
Outputting: 	20.51166 ms
