Total: 	131039.267267 ms
Inputting: 	0.314978 ms
Unfolding: 	17.934439 ms
Retrieving: 	130454.354117 ms
Outputting: 	566.23365 ms
