Total: 	10214.912375 ms
Inputting: 	0.397719 ms
Unfolding: 	9.984305 ms
Retrieving: 	9167.007662 ms
Outputting: 	1037.052165 ms
