Total: 	7843.351041 ms
Inputting: 	0.387092 ms
Unfolding: 	1.494709 ms
Retrieving: 	14.528132 ms
Outputting: 	7826.629208 ms
