Total: 	883.598041 ms
Inputting: 	0.406058 ms
Unfolding: 	45.93952 ms
Retrieving: 	836.556576 ms
Outputting: 	0.316769 ms
