Total: 	3609.862347 ms
Inputting: 	0.296497 ms
Unfolding: 	60.629039 ms
Retrieving: 	3548.207223 ms
Outputting: 	0.276103 ms
