Total: 	12.573974 ms
Inputting: 	0.450885 ms
Unfolding: 	3.68877 ms
Retrieving: 	7.823786 ms
Outputting: 	0.175431 ms
