Total: 	26.705784 ms
Inputting: 	0.4174 ms
Unfolding: 	9.71094 ms
Retrieving: 	15.944041 ms
Outputting: 	0.312603 ms
