Total: 	251.320566 ms
Inputting: 	0.274806 ms
Unfolding: 	5.980944 ms
Retrieving: 	244.425785 ms
Outputting: 	0.191681 ms
