Total: 	32863.261688 ms
Inputting: 	0.314371 ms
Unfolding: 	148.837237 ms
Retrieving: 	10632.641152 ms
Outputting: 	22081.026767 ms
