Total: 	9.181996 ms
Inputting: 	0.335295 ms
Unfolding: 	1.627171 ms
Retrieving: 	6.790041 ms
Outputting: 	0.15555 ms
