Total: 	12370.210563 ms
Inputting: 	0.316206 ms
Unfolding: 	2.890975 ms
Retrieving: 	496.447028 ms
Outputting: 	11870.257956 ms
