Total: 	11.873239 ms
Inputting: 	0.348987 ms
Unfolding: 	5.833945 ms
Retrieving: 	5.137342 ms
Outputting: 	0.179406 ms
