Total: 	4072.349279 ms
Inputting: 	0.295965 ms
Unfolding: 	541.803756 ms
Retrieving: 	3529.418658 ms
Outputting: 	0.247807 ms
