Total: 	111.429388 ms
Inputting: 	0.278571 ms
Unfolding: 	9.636064 ms
Retrieving: 	100.474143 ms
Outputting: 	0.33108 ms
