Total: 	414.16988 ms
Inputting: 	0.430836 ms
Unfolding: 	13.723727 ms
Retrieving: 	234.996481 ms
Outputting: 	164.609362 ms
