Total: 	15.616876 ms
Inputting: 	0.38945 ms
Unfolding: 	6.86277 ms
Retrieving: 	7.788072 ms
Outputting: 	0.154218 ms
