Total: 	1427.94155 ms
Inputting: 	0.367776 ms
Unfolding: 	176.930057 ms
Retrieving: 	1161.760799 ms
Outputting: 	80.318116 ms
