Total: 	35627.020056 ms
Inputting: 	0.409131 ms
Unfolding: 	16.380133 ms
Retrieving: 	34088.350016 ms
Outputting: 	1521.366731 ms
