Total: 	113.285633 ms
Inputting: 	0.374624 ms
Unfolding: 	9.820292 ms
Retrieving: 	92.200583 ms
Outputting: 	10.331479 ms
