Total: 	24552.392035 ms
Inputting: 	0.348909 ms
Unfolding: 	25.464957 ms
Retrieving: 	23632.209331 ms
Outputting: 	893.880849 ms
