Total: 	3164.846197 ms
Inputting: 	0.483685 ms
Unfolding: 	21.588225 ms
Retrieving: 	3104.888015 ms
Outputting: 	37.402259 ms
