Total: 	1449.24229 ms
Inputting: 	0.358197 ms
Unfolding: 	15.131663 ms
Retrieving: 	1413.47533 ms
Outputting: 	19.839794 ms
