Total: 	16857.773419 ms
Inputting: 	0.304697 ms
Unfolding: 	16.15899 ms
Retrieving: 	15517.038763 ms
Outputting: 	1323.721128 ms
