Total: 	15211.809265 ms
Inputting: 	0.285906 ms
Unfolding: 	6.932472 ms
Retrieving: 	13923.314843 ms
Outputting: 	1280.83876 ms
