Total: 	3879.416629 ms
Inputting: 	0.345561 ms
Unfolding: 	407.451464 ms
Retrieving: 	3468.649913 ms
Outputting: 	2.342895 ms
