Total: 	149.976427 ms
Inputting: 	0.350243 ms
Unfolding: 	5.005794 ms
Retrieving: 	123.879985 ms
Outputting: 	20.34352 ms
