Total: 	6883.937086 ms
Inputting: 	0.346616 ms
Unfolding: 	51.123385 ms
Retrieving: 	6739.371805 ms
Outputting: 	92.56367 ms
