Total: 	35564.292784 ms
Inputting: 	0.411562 ms
Unfolding: 	143.669226 ms
Retrieving: 	27922.456969 ms
Outputting: 	7495.350589 ms
