Total: 	28369.13545 ms
Inputting: 	0.463915 ms
Unfolding: 	13.9904 ms
Retrieving: 	27668.367151 ms
Outputting: 	685.812389 ms
