Total: 	6443.642727 ms
Inputting: 	0.373482 ms
Unfolding: 	6.076516 ms
Retrieving: 	6158.519143 ms
Outputting: 	278.166506 ms
