Total: 	187252.585219 ms
Inputting: 	0.336541 ms
Unfolding: 	4.476944 ms
Retrieving: 	181002.194572 ms
Outputting: 	6245.117621 ms
