Total: 	155.991626 ms
Inputting: 	0.339824 ms
Unfolding: 	8.726393 ms
Retrieving: 	146.090729 ms
Outputting: 	0.150242 ms
