Total: 	475640.055515 ms
Inputting: 	0.350703 ms
Unfolding: 	95.918538 ms
Retrieving: 	458447.7489 ms
Outputting: 	17062.38751 ms
