Total: 	6796.007973 ms
Inputting: 	9.337266 ms
Unfolding: 	452.453309 ms
Retrieving: 	6327.815222 ms
Outputting: 	0.262029 ms
