Total: 	1931.873558 ms
Inputting: 	0.378136 ms
Unfolding: 	5.071631 ms
Retrieving: 	1916.416835 ms
Outputting: 	8.573416 ms
