Total: 	14927.900216 ms
Inputting: 	0.417405 ms
Unfolding: 	91.367012 ms
Retrieving: 	14784.138868 ms
Outputting: 	40.679949 ms
