Total: 	74972.616331 ms
Inputting: 	0.359452 ms
Unfolding: 	36.754412 ms
Retrieving: 	74724.571075 ms
Outputting: 	209.36216 ms
