Total: 	332229.236012 ms
Inputting: 	0.36312 ms
Unfolding: 	35.056266 ms
Retrieving: 	329205.70038 ms
Outputting: 	2987.61769 ms
