Total: 	692398.583416 ms
Inputting: 	0.411473 ms
Unfolding: 	181.59085 ms
Retrieving: 	686483.820739 ms
Outputting: 	5709.791564 ms
