Total: 	12337.811756 ms
Inputting: 	0.678821 ms
Unfolding: 	62.306916 ms
Retrieving: 	11253.301298 ms
Outputting: 	1020.87333 ms
