Total: 	341958.648738 ms
Inputting: 	0.356136 ms
Unfolding: 	7.923589 ms
Retrieving: 	324630.337255 ms
Outputting: 	17317.758064 ms
