Total: 	45320.463826 ms
Inputting: 	0.696576 ms
Unfolding: 	81.570398 ms
Retrieving: 	42060.016298 ms
Outputting: 	3177.379509 ms
