Total: 	60457.687356 ms
Inputting: 	0.383431 ms
Unfolding: 	5.188066 ms
Retrieving: 	57568.568479 ms
Outputting: 	2883.154676 ms
