Total: 	29515.163335 ms
Inputting: 	0.340139 ms
Unfolding: 	5.261248 ms
Retrieving: 	29107.084316 ms
Outputting: 	402.012097 ms
