Total: 	89480.538174 ms
Inputting: 	0.365128 ms
Unfolding: 	3.907533 ms
Retrieving: 	84077.452193 ms
Outputting: 	5398.396184 ms
