Total: 	300095.034033 ms
Inputting: 	0.407932 ms
Unfolding: 	27.047953 ms
Retrieving: 	285043.587838 ms
Outputting: 	15001.608629 ms
