Total: 	217129.367784 ms
Inputting: 	4.950053 ms
Unfolding: 	418.06962 ms
Retrieving: 	216024.729343 ms
Outputting: 	658.657995 ms
