Total: 	402667.358435 ms
Inputting: 	0.745685 ms
Unfolding: 	380.219305 ms
Retrieving: 	397047.048694 ms
Outputting: 	5235.60822 ms
