Total: 	1003578.118957 ms
Inputting: 	3.636594 ms
Unfolding: 	359.475559 ms
Retrieving: 	969226.224209 ms
Outputting: 	33963.623789 ms
