Total: 	1001354.476797 ms
Inputting: 	7.39452 ms
Unfolding: 	1007.239199 ms
Retrieving: 	ERROR: SQL query execution returns NULL
