Total: 	142393.408519 ms
Inputting: 	3.350272 ms
Unfolding: 	95.253445 ms
Retrieving: 	130680.379625 ms
Outputting: 	11611.388352 ms
