Total: 	6977.642955 ms
Inputting: 	0.411949 ms
Unfolding: 	152.77485 ms
Retrieving: 	1636.721181 ms
Outputting: 	5183.739732 ms
