Total: 	4576.174267 ms
Inputting: 	0.610829 ms
Unfolding: 	24.407695 ms
Retrieving: 	4428.667242 ms
Outputting: 	122.006678 ms
