Total: 	1049.998576 ms
Inputting: 	0.395672 ms
Unfolding: 	6.280516 ms
Retrieving: 	986.292792 ms
Outputting: 	56.530465 ms
