Total: 	31911.270929 ms
Inputting: 	0.352223 ms
Unfolding: 	13.415356 ms
Retrieving: 	30791.406719 ms
Outputting: 	1105.671361 ms
