Total: 	86.053365 ms
Inputting: 	0.331092 ms
Unfolding: 	7.858513 ms
Retrieving: 	77.238397 ms
Outputting: 	0.220355 ms
