Total: 	37754.890906 ms
Inputting: 	0.33092 ms
Unfolding: 	210.067072 ms
Retrieving: 	36454.771654 ms
Outputting: 	1089.198342 ms
