Total: 	1160.334535 ms
Inputting: 	0.4078 ms
Unfolding: 	12.419821 ms
Retrieving: 	1146.819548 ms
Outputting: 	0.234294 ms
