Total: 	419.720803 ms
Inputting: 	0.367533 ms
Unfolding: 	7.517306 ms
Retrieving: 	400.353347 ms
Outputting: 	11.100795 ms
