Total: 	2857.913899 ms
Inputting: 	0.389075 ms
Unfolding: 	92.018252 ms
Retrieving: 	2757.539142 ms
Outputting: 	7.438367 ms
