Total: 	5986.087664 ms
Inputting: 	0.286712 ms
Unfolding: 	57.071716 ms
Retrieving: 	5882.229332 ms
Outputting: 	46.014816 ms
