Total: 	25246.37077 ms
Inputting: 	0.43549 ms
Unfolding: 	90.710769 ms
Retrieving: 	24818.167672 ms
Outputting: 	336.594929 ms
