Total: 	62975.547018 ms
Inputting: 	0.359801 ms
Unfolding: 	181.064503 ms
Retrieving: 	62005.439992 ms
Outputting: 	788.171665 ms
