Total: 	5075.946049 ms
Inputting: 	0.454689 ms
Unfolding: 	17.168974 ms
Retrieving: 	418.678989 ms
Outputting: 	4639.099661 ms
