Total: 	5108.487586 ms
Inputting: 	0.386658 ms
Unfolding: 	4.864826 ms
Retrieving: 	352.052201 ms
Outputting: 	4750.718165 ms
