Total: 	713.053889 ms
Inputting: 	2.134352 ms
Unfolding: 	3.934091 ms
Retrieving: 	366.473783 ms
Outputting: 	340.160857 ms
