Total: 	15256.259073 ms
Inputting: 	0.35846 ms
Unfolding: 	3.02358 ms
Retrieving: 	15.443639 ms
Outputting: 	15236.995889 ms
