Total: 	32549.827111 ms
Inputting: 	0.392475 ms
Unfolding: 	26.360602 ms
Retrieving: 	9312.086337 ms
Outputting: 	23210.478085 ms
