Total: 	53868.358905 ms
Inputting: 	0.400036 ms
Unfolding: 	74.708666 ms
Retrieving: 	50107.502795 ms
Outputting: 	3685.235483 ms
