Total: 	112635.938985 ms
Inputting: 	0.379808 ms
Unfolding: 	150.053868 ms
Retrieving: 	30555.834064 ms
Outputting: 	81917.060521 ms
