Total: 	42123.053867 ms
Inputting: 	0.333018 ms
Unfolding: 	31.131482 ms
Retrieving: 	11725.084718 ms
Outputting: 	30363.50355 ms
