Total: 	515.054217 ms
Inputting: 	1.440828 ms
Unfolding: 	23.89944 ms
Retrieving: 	465.923768 ms
Outputting: 	23.364901 ms
