Total: 	43017.97453 ms
Inputting: 	0.290679 ms
Unfolding: 	60.346687 ms
Retrieving: 	5356.930792 ms
Outputting: 	37599.752084 ms
