Total: 	4281.080637 ms
Inputting: 	32.823656 ms
Unfolding: 	7.361209 ms
Retrieving: 	1999.315458 ms
Outputting: 	2241.038231 ms
