Total: 	11475.465024 ms
Inputting: 	0.44452 ms
Unfolding: 	122.480208 ms
Retrieving: 	8532.998629 ms
Outputting: 	2812.954811 ms
