Total: 	2171.83013 ms
Inputting: 	0.326964 ms
Unfolding: 	16.170597 ms
Retrieving: 	1899.055134 ms
Outputting: 	255.885137 ms
