Total: 	411.718601 ms
Inputting: 	0.404916 ms
Unfolding: 	4.950056 ms
Retrieving: 	289.254889 ms
Outputting: 	116.688353 ms
