Total: 	5544.207346 ms
Inputting: 	0.313833 ms
Unfolding: 	10.710228 ms
Retrieving: 	3039.924752 ms
Outputting: 	2492.937242 ms
