Total: 	111.294147 ms
Inputting: 	0.458383 ms
Unfolding: 	10.818275 ms
Retrieving: 	99.284962 ms
Outputting: 	0.298658 ms
