Total: 	26512.060492 ms
Inputting: 	0.409737 ms
Unfolding: 	198.269157 ms
Retrieving: 	23934.998334 ms
Outputting: 	2377.512678 ms
