Total: 	2679.516483 ms
Inputting: 	0.505871 ms
Unfolding: 	11.984258 ms
Retrieving: 	2666.490214 ms
Outputting: 	0.233903 ms
