Total: 	222.755925 ms
Inputting: 	0.362737 ms
Unfolding: 	4.590974 ms
Retrieving: 	210.456702 ms
Outputting: 	7.022131 ms
