Total: 	3371.805902 ms
Inputting: 	0.327594 ms
Unfolding: 	126.312995 ms
Retrieving: 	3229.032014 ms
Outputting: 	15.665976 ms
