Total: 	4956.054626 ms
Inputting: 	0.353161 ms
Unfolding: 	58.992648 ms
Retrieving: 	4838.663353 ms
Outputting: 	57.686027 ms
