Total: 	33010.894138 ms
Inputting: 	0.442927 ms
Unfolding: 	71.539939 ms
Retrieving: 	32174.274635 ms
Outputting: 	764.243394 ms
