Total: 	42537.176068 ms
Inputting: 	0.430912 ms
Unfolding: 	147.717606 ms
Retrieving: 	40885.604505 ms
Outputting: 	1503.020484 ms
