Total: 	3751.276975 ms
Inputting: 	0.413928 ms
Unfolding: 	10.197329 ms
Retrieving: 	1214.246545 ms
Outputting: 	2526.073246 ms
