Total: 	47431.034944 ms
Inputting: 	0.393887 ms
Unfolding: 	6.267259 ms
Retrieving: 	4246.315908 ms
Outputting: 	43177.739933 ms
