Total: 	5069.738594 ms
Inputting: 	0.445973 ms
Unfolding: 	8.462766 ms
Retrieving: 	347.258512 ms
Outputting: 	4713.189624 ms
