Total: 	4499.346046 ms
Inputting: 	0.409846 ms
Unfolding: 	4.573003 ms
Retrieving: 	809.072877 ms
Outputting: 	3684.961551 ms
