Total: 	1772.521223 ms
Inputting: 	0.40265 ms
Unfolding: 	4.714568 ms
Retrieving: 	1468.501865 ms
Outputting: 	298.584984 ms
