Total: 	6626.261379 ms
Inputting: 	0.311441 ms
Unfolding: 	2.186677 ms
Retrieving: 	13.822354 ms
Outputting: 	6609.598935 ms
