Total: 	29599.150594 ms
Inputting: 	0.263621 ms
Unfolding: 	37.092095 ms
Retrieving: 	8197.28664 ms
Outputting: 	21364.078788 ms
