Total: 	54149.095348 ms
Inputting: 	0.391122 ms
Unfolding: 	65.66072 ms
Retrieving: 	50689.346412 ms
Outputting: 	3393.266415 ms
