Total: 	114897.552854 ms
Inputting: 	0.398648 ms
Unfolding: 	162.92376 ms
Retrieving: 	84935.714306 ms
Outputting: 	29797.578636 ms
