Total: 	28408.866363 ms
Inputting: 	0.396482 ms
Unfolding: 	5.640761 ms
Retrieving: 	4830.637134 ms
Outputting: 	23571.828906 ms
