Total: 	792.319664 ms
Inputting: 	0.362339 ms
Unfolding: 	6.78627 ms
Retrieving: 	767.514084 ms
Outputting: 	17.301591 ms
