Total: 	34277.532546 ms
Inputting: 	0.32413 ms
Unfolding: 	42.43757 ms
Retrieving: 	5449.92896 ms
Outputting: 	28784.466305 ms
