Total: 	8047.312142 ms
Inputting: 	1.057723 ms
Unfolding: 	12.823633 ms
Retrieving: 	5763.700403 ms
Outputting: 	2269.370087 ms
