Total: 	708.925973 ms
Inputting: 	3.184782 ms
Unfolding: 	8.261733 ms
Retrieving: 	680.193982 ms
Outputting: 	16.78447 ms
