Total: 	27.54907 ms
Inputting: 	0.353145 ms
Unfolding: 	5.569771 ms
Retrieving: 	20.674345 ms
Outputting: 	0.665183 ms
