Total: 	261.933612 ms
Inputting: 	0.304457 ms
Unfolding: 	4.266771 ms
Retrieving: 	256.345379 ms
Outputting: 	0.598165 ms
