Total: 	12376.490208 ms
Inputting: 	0.314762 ms
Unfolding: 	29.310939 ms
Retrieving: 	12345.323103 ms
Outputting: 	0.986534 ms
