Total: 	385.72375 ms
Inputting: 	0.377703 ms
Unfolding: 	2.41422 ms
Retrieving: 	382.424128 ms
Outputting: 	0.182813 ms
