Total: 	14416.560024 ms
Inputting: 	0.328232 ms
Unfolding: 	1.636397 ms
Retrieving: 	12678.307717 ms
Outputting: 	1735.957829 ms
