Total: 	1846.760427 ms
Inputting: 	0.300938 ms
Unfolding: 	4.459039 ms
Retrieving: 	1841.138777 ms
Outputting: 	0.385171 ms
