Total: 	1934.334325 ms
Inputting: 	3.049403 ms
Unfolding: 	23.325062 ms
Retrieving: 	1907.193811 ms
Outputting: 	0.249915 ms
