Total: 	70.867731 ms
Inputting: 	0.413139 ms
Unfolding: 	2.861984 ms
Retrieving: 	66.937549 ms
Outputting: 	0.320231 ms
