Total: 	268.380252 ms
Inputting: 	0.389685 ms
Unfolding: 	4.178763 ms
Retrieving: 	263.303358 ms
Outputting: 	0.145787 ms
