Total: 	3176.340174 ms
Inputting: 	0.523472 ms
Unfolding: 	1.45625 ms
Retrieving: 	2231.513289 ms
Outputting: 	942.499671 ms
