Total: 	17876.386848 ms
Inputting: 	0.282631 ms
Unfolding: 	297.83189 ms
Retrieving: 	17576.73395 ms
Outputting: 	0.213917 ms
