Total: 	119.468046 ms
Inputting: 	0.399899 ms
Unfolding: 	2.391587 ms
Retrieving: 	116.049481 ms
Outputting: 	0.25362 ms
