Total: 	280280.226098 ms
Inputting: 	0.374606 ms
Unfolding: 	71.02898 ms
Retrieving: 	279952.270397 ms
Outputting: 	255.311697 ms
