Total: 	8756.77685 ms
Inputting: 	0.365884 ms
Unfolding: 	90.319413 ms
Retrieving: 	5929.553899 ms
Outputting: 	2732.869715 ms
