Total: 	997.05935 ms
Inputting: 	0.720584 ms
Unfolding: 	11.481811 ms
Retrieving: 	736.469561 ms
Outputting: 	247.998139 ms
