Total: 	285.630806 ms
Inputting: 	0.419022 ms
Unfolding: 	6.325668 ms
Retrieving: 	161.381165 ms
Outputting: 	117.016734 ms
