Total: 	4907.542604 ms
Inputting: 	0.406762 ms
Unfolding: 	9.655518 ms
Retrieving: 	2656.945762 ms
Outputting: 	2240.093429 ms
