Total: 	77.613317 ms
Inputting: 	3.25399 ms
Unfolding: 	6.773017 ms
Retrieving: 	66.868724 ms
Outputting: 	0.359566 ms
