Total: 	603907.471383 ms
Inputting: 	0.445635 ms
Unfolding: 	211.952386 ms
Retrieving: 	601545.161517 ms
Outputting: 	2149.445115 ms
