Total: 	2984.66542 ms
Inputting: 	0.443209 ms
Unfolding: 	11.322141 ms
Retrieving: 	2972.25187 ms
Outputting: 	0.28313 ms
