Total: 	232.729187 ms
Inputting: 	0.345757 ms
Unfolding: 	5.363451 ms
Retrieving: 	219.55904 ms
Outputting: 	7.197914 ms
