Total: 	3659.924724 ms
Inputting: 	0.433528 ms
Unfolding: 	62.734685 ms
Retrieving: 	3584.585759 ms
Outputting: 	11.64162 ms
