Total: 	29587.832128 ms
Inputting: 	0.45875 ms
Unfolding: 	30.222829 ms
Retrieving: 	29438.064458 ms
Outputting: 	118.697581 ms
