Total: 	182558.596306 ms
Inputting: 	0.435943 ms
Unfolding: 	34.842826 ms
Retrieving: 	181828.98024 ms
Outputting: 	693.855324 ms
