Total: 	428832.228046 ms
Inputting: 	0.392545 ms
Unfolding: 	151.815241 ms
Retrieving: 	427250.007299 ms
Outputting: 	1429.495474 ms
