Total: 	8571.558069 ms
Inputting: 	0.424055 ms
Unfolding: 	5.557393 ms
Retrieving: 	6688.103793 ms
Outputting: 	1877.097419 ms
