Total: 	11118.231147 ms
Inputting: 	0.322822 ms
Unfolding: 	2.623194 ms
Retrieving: 	9536.199134 ms
Outputting: 	1578.735607 ms
