Total: 	7216.138523 ms
Inputting: 	0.422677 ms
Unfolding: 	4.28901 ms
Retrieving: 	6785.045818 ms
Outputting: 	425.983022 ms
