Total: 	8297.82389 ms
Inputting: 	0.422037 ms
Unfolding: 	1.844875 ms
Retrieving: 	6177.600631 ms
Outputting: 	2117.586005 ms
