Total: 	38519.95851 ms
Inputting: 	0.319631 ms
Unfolding: 	21.851533 ms
Retrieving: 	33300.103427 ms
Outputting: 	5196.154642 ms
