Total: 	132335.454151 ms
Inputting: 	0.333861 ms
Unfolding: 	38.608571 ms
Retrieving: 	129934.197567 ms
Outputting: 	2361.760958 ms
