Total: 	672524.245958 ms
Inputting: 	0.351661 ms
Unfolding: 	81.804761 ms
Retrieving: 	668359.280901 ms
Outputting: 	4082.109125 ms
