Total: 	8183.415877 ms
Inputting: 	0.327455 ms
Unfolding: 	4.576452 ms
Retrieving: 	8138.185766 ms
Outputting: 	39.996677 ms
