Total: 	170213.807676 ms
Inputting: 	1.059077 ms
Unfolding: 	28.35954 ms
Retrieving: 	169319.569799 ms
Outputting: 	864.310311 ms
