Total: 	11396.892623 ms
Inputting: 	0.321294 ms
Unfolding: 	13.894774 ms
Retrieving: 	10291.227343 ms
Outputting: 	1091.028318 ms
