Total: 	7133.518311 ms
Inputting: 	0.328245 ms
Unfolding: 	261.570772 ms
Retrieving: 	6869.408426 ms
Outputting: 	0.476675 ms
