Total: 	138.489668 ms
Inputting: 	0.414279 ms
Unfolding: 	4.192542 ms
Retrieving: 	132.707026 ms
Outputting: 	0.287207 ms
