Total: 	6172.487434 ms
Inputting: 	0.303614 ms
Unfolding: 	1.260695 ms
Retrieving: 	6016.953604 ms
Outputting: 	152.925485 ms
