Total: 	7.442687 ms
Inputting: 	0.335355 ms
Unfolding: 	2.622063 ms
Retrieving: 	3.419469 ms
Outputting: 	0.103869 ms
