Total: 	13613.592605 ms
Inputting: 	0.423503 ms
Unfolding: 	9.393512 ms
Retrieving: 	13600.639074 ms
Outputting: 	2.026761 ms
