Total: 	31118.528554 ms
Inputting: 	0.289046 ms
Unfolding: 	1.717044 ms
Retrieving: 	30890.632898 ms
Outputting: 	224.956482 ms
