Total: 	6.179943 ms
Inputting: 	0.408185 ms
Unfolding: 	1.823913 ms
Retrieving: 	2.448779 ms
Outputting: 	0.495458 ms
