Total: 	276.537955 ms
Inputting: 	0.420122 ms
Unfolding: 	4.200412 ms
Retrieving: 	270.241508 ms
Outputting: 	0.326633 ms
