Total: 	24.371519 ms
Inputting: 	0.674145 ms
Unfolding: 	5.071405 ms
Retrieving: 	15.035751 ms
Outputting: 	2.77938 ms
