Total: 	488100.421422 ms
Inputting: 	0.308078 ms
Unfolding: 	36.845995 ms
Retrieving: 	488058.25632 ms
Outputting: 	2.981921 ms
