Total: 	798.891236 ms
Inputting: 	0.358033 ms
Unfolding: 	2.523153 ms
Retrieving: 	794.560187 ms
Outputting: 	0.289601 ms
