Total: 	1000079.897692 ms
Inputting: 	0.407384 ms
Unfolding: 	66.602681 ms
Retrieving: 	ERROR: SQL query execution returns NULL
