Total: 	3378.76572 ms
Inputting: 	0.357764 ms
Unfolding: 	29.614725 ms
Retrieving: 	3347.421955 ms
Outputting: 	0.274631 ms
