Total: 	48.577689 ms
Inputting: 	0.305259 ms
Unfolding: 	1.579996 ms
Retrieving: 	45.112031 ms
Outputting: 	0.624413 ms
