Total: 	232.807596 ms
Inputting: 	0.400201 ms
Unfolding: 	6.232456 ms
Retrieving: 	224.763841 ms
Outputting: 	0.202527 ms
