Total: 	10.710479 ms
Inputting: 	4.181707 ms
Unfolding: 	2.992995 ms
Retrieving: 	2.428062 ms
Outputting: 	0.160519 ms
