Total: 	6111.657114 ms
Inputting: 	0.385295 ms
Unfolding: 	1.95562 ms
Retrieving: 	5865.137928 ms
Outputting: 	243.238603 ms
