Total: 	11.086636 ms
Inputting: 	0.298706 ms
Unfolding: 	5.417379 ms
Retrieving: 	3.897652 ms
Outputting: 	0.365749 ms
