Total: 	13917.635708 ms
Inputting: 	0.336763 ms
Unfolding: 	16.93756 ms
Retrieving: 	13896.956949 ms
Outputting: 	2.298126 ms
