Total: 	21.23399 ms
Inputting: 	0.393104 ms
Unfolding: 	7.539045 ms
Retrieving: 	11.198854 ms
Outputting: 	1.148532 ms
