Total: 	133.163759 ms
Inputting: 	0.299003 ms
Unfolding: 	3.944953 ms
Retrieving: 	127.752362 ms
Outputting: 	0.343957 ms
