Total: 	351531.204718 ms
Inputting: 	0.393539 ms
Unfolding: 	150.190885 ms
Retrieving: 	351366.282523 ms
Outputting: 	12.895562 ms
