Total: 	5008.963682 ms
Inputting: 	0.401296 ms
Unfolding: 	77.256762 ms
Retrieving: 	4929.651663 ms
Outputting: 	0.251818 ms
