Total: 	31017.559837 ms
Inputting: 	0.322033 ms
Unfolding: 	3.04886 ms
Retrieving: 	30769.171387 ms
Outputting: 	243.915043 ms
