Total: 	328.590386 ms
Inputting: 	0.308303 ms
Unfolding: 	9.027002 ms
Retrieving: 	317.966285 ms
Outputting: 	0.251935 ms
