Total: 	7143.410415 ms
Inputting: 	0.383236 ms
Unfolding: 	483.971053 ms
Retrieving: 	6656.670442 ms
Outputting: 	0.270544 ms
