Total: 	45.96822 ms
Inputting: 	0.375859 ms
Unfolding: 	2.827898 ms
Retrieving: 	41.725268 ms
Outputting: 	0.153316 ms
