Total: 	8283.094584 ms
Inputting: 	0.282756 ms
Unfolding: 	72.016827 ms
Retrieving: 	8208.485348 ms
Outputting: 	0.813152 ms
