Total: 	10.236707 ms
Inputting: 	0.360189 ms
Unfolding: 	4.000165 ms
Retrieving: 	5.274649 ms
Outputting: 	0.161859 ms
