Total: 	21509.134865 ms
Inputting: 	0.319617 ms
Unfolding: 	2.497529 ms
Retrieving: 	20830.070518 ms
Outputting: 	675.713622 ms
