Total: 	1118.232755 ms
Inputting: 	0.309452 ms
Unfolding: 	7.947187 ms
Retrieving: 	1103.126986 ms
Outputting: 	6.45413 ms
