Total: 	144639.657186 ms
Inputting: 	0.220064 ms
Unfolding: 	50.216421 ms
Retrieving: 	144544.510805 ms
Outputting: 	43.78373 ms
