Total: 	178.133087 ms
Inputting: 	0.252874 ms
Unfolding: 	4.838407 ms
Retrieving: 	172.051495 ms
Outputting: 	0.154272 ms
