Total: 	36.758858 ms
Inputting: 	0.423788 ms
Unfolding: 	4.570749 ms
Retrieving: 	30.745899 ms
Outputting: 	0.506928 ms
