Total: 	110.230486 ms
Inputting: 	0.371282 ms
Unfolding: 	1.734986 ms
Retrieving: 	107.528143 ms
Outputting: 	0.192245 ms
