Total: 	1621.257506 ms
Inputting: 	0.354706 ms
Unfolding: 	259.647781 ms
Retrieving: 	1359.434817 ms
Outputting: 	0.198246 ms
