Total: 	45.673623 ms
Inputting: 	0.259145 ms
Unfolding: 	1.496441 ms
Retrieving: 	43.269818 ms
Outputting: 	0.216009 ms
