Total: 	4822.285395 ms
Inputting: 	0.312557 ms
Unfolding: 	0.977536 ms
Retrieving: 	4346.623868 ms
Outputting: 	474.044706 ms
