Total: 	1131.003237 ms
Inputting: 	0.386847 ms
Unfolding: 	30.424684 ms
Retrieving: 	1099.408311 ms
Outputting: 	0.176718 ms
