Total: 	329.508904 ms
Inputting: 	0.291435 ms
Unfolding: 	170.156755 ms
Retrieving: 	155.722029 ms
Outputting: 	0.215154 ms
