Total: 	1200327.040292 ms
Inputting: 	0.371667 ms
Unfolding: 	38.443741 ms
Retrieving: 	ERROR: SQL query execution returns NULL
