Total: 	52.712839 ms
Inputting: 	0.496625 ms
Unfolding: 	3.27767 ms
Retrieving: 	48.265121 ms
Outputting: 	0.179367 ms
