Total: 	2791.793138 ms
Inputting: 	0.422387 ms
Unfolding: 	390.168821 ms
Retrieving: 	2400.158361 ms
Outputting: 	0.491351 ms
