Total: 	607.726964 ms
Inputting: 	0.302799 ms
Unfolding: 	49.039052 ms
Retrieving: 	557.55746 ms
Outputting: 	0.413964 ms
