Total: 	40.648459 ms
Inputting: 	0.515818 ms
Unfolding: 	3.672191 ms
Retrieving: 	35.797256 ms
Outputting: 	0.178261 ms
