Total: 	2525.942105 ms
Inputting: 	0.284976 ms
Unfolding: 	1.817801 ms
Retrieving: 	24.145 ms
Outputting: 	2499.387106 ms
