Total: 	144687.531299 ms
Inputting: 	0.374417 ms
Unfolding: 	185.265489 ms
Retrieving: 	39604.549713 ms
Outputting: 	104896.790515 ms
