Total: 	280.527191 ms
Inputting: 	0.274911 ms
Unfolding: 	8.771017 ms
Retrieving: 	270.621378 ms
Outputting: 	0.406529 ms
