Total: 	28.648022 ms
Inputting: 	0.317834 ms
Unfolding: 	5.652369 ms
Retrieving: 	21.691668 ms
Outputting: 	0.642344 ms
