Total: 	389.358597 ms
Inputting: 	0.3749 ms
Unfolding: 	13.036928 ms
Retrieving: 	295.607862 ms
Outputting: 	79.973387 ms
