Total: 	88.883103 ms
Inputting: 	0.342721 ms
Unfolding: 	1.967468 ms
Retrieving: 	86.033003 ms
Outputting: 	0.164789 ms
