Total: 	85.728192 ms
Inputting: 	1.206328 ms
Unfolding: 	3.875992 ms
Retrieving: 	79.890808 ms
Outputting: 	0.389721 ms
