Total: 	9038.207117 ms
Inputting: 	0.268238 ms
Unfolding: 	63.838304 ms
Retrieving: 	8973.012354 ms
Outputting: 	0.680203 ms
