Total: 	4384.389889 ms
Inputting: 	0.557384 ms
Unfolding: 	5.730402 ms
Retrieving: 	4377.255147 ms
Outputting: 	0.250511 ms
