Total: 	36.937225 ms
Inputting: 	0.342284 ms
Unfolding: 	2.072982 ms
Retrieving: 	34.089478 ms
Outputting: 	0.160236 ms
