Total: 	6703.355612 ms
Inputting: 	0.329012 ms
Unfolding: 	2.125156 ms
Retrieving: 	1656.48356 ms
Outputting: 	5044.102234 ms
