Total: 	70062.135276 ms
Inputting: 	0.404972 ms
Unfolding: 	57.05059 ms
Retrieving: 	69903.951625 ms
Outputting: 	99.695686 ms
