Total: 	17895.960356 ms
Inputting: 	0.379748 ms
Unfolding: 	250.12612 ms
Retrieving: 	17643.99061 ms
Outputting: 	0.347032 ms
