Total: 	4240.779939 ms
Inputting: 	0.348014 ms
Unfolding: 	32.222933 ms
Retrieving: 	4207.099755 ms
Outputting: 	0.583659 ms
