Total: 	13842.61783 ms
Inputting: 	0.365432 ms
Unfolding: 	2.390698 ms
Retrieving: 	12314.821694 ms
Outputting: 	1524.605897 ms
