Total: 	43.373084 ms
Inputting: 	0.392382 ms
Unfolding: 	5.323939 ms
Retrieving: 	36.068544 ms
Outputting: 	1.205733 ms
