Total: 	1526.878218 ms
Inputting: 	0.473741 ms
Unfolding: 	29.549441 ms
Retrieving: 	1495.748984 ms
Outputting: 	0.409276 ms
