Total: 	367.568197 ms
Inputting: 	0.373467 ms
Unfolding: 	3.476857 ms
Retrieving: 	363.059087 ms
Outputting: 	0.270093 ms
