Total: 	97.442221 ms
Inputting: 	0.286836 ms
Unfolding: 	2.924249 ms
Retrieving: 	93.393543 ms
Outputting: 	0.403609 ms
