Total: 	76.399666 ms
Inputting: 	0.321408 ms
Unfolding: 	2.366842 ms
Retrieving: 	73.23888 ms
Outputting: 	0.17344 ms
