Total: 	3063.532301 ms
Inputting: 	0.386444 ms
Unfolding: 	1.390076 ms
Retrieving: 	2244.590068 ms
Outputting: 	816.830584 ms
