Total: 	429.447574 ms
Inputting: 	0.280525 ms
Unfolding: 	125.777686 ms
Retrieving: 	298.014083 ms
Outputting: 	0.583428 ms
