Total: 	634.142403 ms
Inputting: 	0.338408 ms
Unfolding: 	16.112514 ms
Retrieving: 	603.496388 ms
Outputting: 	13.758686 ms
