Total: 	18.076121 ms
Inputting: 	0.354336 ms
Unfolding: 	2.397755 ms
Retrieving: 	14.837814 ms
Outputting: 	0.203231 ms
