Total: 	11.48784 ms
Inputting: 	0.418028 ms
Unfolding: 	2.83807 ms
Retrieving: 	7.666311 ms
Outputting: 	0.143337 ms
