Total: 	724.157808 ms
Inputting: 	0.315148 ms
Unfolding: 	168.416602 ms
Retrieving: 	397.407145 ms
Outputting: 	152.930706 ms
