Total: 	23844.735237 ms
Inputting: 	0.430875 ms
Unfolding: 	25.259535 ms
Retrieving: 	20572.325002 ms
Outputting: 	3245.728231 ms
