Total: 	62.855985 ms
Inputting: 	0.31315 ms
Unfolding: 	6.662424 ms
Retrieving: 	38.909843 ms
Outputting: 	16.032881 ms
