Total: 	48045.839042 ms
Inputting: 	0.368823 ms
Unfolding: 	29.444505 ms
Retrieving: 	45813.563724 ms
Outputting: 	2201.487226 ms
