Total: 	1098666.768839 ms
Inputting: 	0.379851 ms
Unfolding: 	202.346336 ms
Retrieving: 	ERROR: SQL query execution returns NULL
