Total: 	10869.831259 ms
Inputting: 	0.444745 ms
Unfolding: 	18.446907 ms
Retrieving: 	10832.517614 ms
Outputting: 	17.498354 ms
