Total: 	743.923259 ms
Inputting: 	0.389083 ms
Unfolding: 	14.984702 ms
Retrieving: 	720.444774 ms
Outputting: 	7.226256 ms
