Total: 	16493.548174 ms
Inputting: 	0.342892 ms
Unfolding: 	13.040478 ms
Retrieving: 	16064.118541 ms
Outputting: 	415.092525 ms
