Total: 	13759.387128 ms
Inputting: 	0.411746 ms
Unfolding: 	11.393633 ms
Retrieving: 	13357.712616 ms
Outputting: 	389.016343 ms
