Total: 	6971.991484 ms
Inputting: 	0.42013 ms
Unfolding: 	469.026473 ms
Retrieving: 	6500.503557 ms
Outputting: 	1.332388 ms
