Total: 	318.619458 ms
Inputting: 	0.400819 ms
Unfolding: 	2.803228 ms
Retrieving: 	306.068316 ms
Outputting: 	8.603173 ms
