Total: 	5940.269241 ms
Inputting: 	0.428922 ms
Unfolding: 	70.620975 ms
Retrieving: 	5830.691897 ms
Outputting: 	37.484021 ms
