Total: 	3296.40238 ms
Inputting: 	0.356068 ms
Unfolding: 	9.258904 ms
Retrieving: 	3279.927506 ms
Outputting: 	6.438405 ms
