Total: 	32236.259569 ms
Inputting: 	0.294803 ms
Unfolding: 	259.465666 ms
Retrieving: 	31974.711692 ms
Outputting: 	0.308126 ms
