Total: 	13.105249 ms
Inputting: 	0.3976 ms
Unfolding: 	2.359206 ms
Retrieving: 	9.741705 ms
Outputting: 	0.22175 ms
