Total: 	49047.455799 ms
Inputting: 	0.358003 ms
Unfolding: 	3.248002 ms
Retrieving: 	48010.153924 ms
Outputting: 	1033.095579 ms
