Total: 	69570.111036 ms
Inputting: 	0.3933 ms
Unfolding: 	63.256348 ms
Retrieving: 	69468.299241 ms
Outputting: 	36.962066 ms
