Total: 	37.003744 ms
Inputting: 	0.406827 ms
Unfolding: 	5.034043 ms
Retrieving: 	30.77854 ms
Outputting: 	0.377092 ms
