Total: 	126.575289 ms
Inputting: 	0.453744 ms
Unfolding: 	1.765416 ms
Retrieving: 	123.512055 ms
Outputting: 	0.32346 ms
