Total: 	4681.715973 ms
Inputting: 	0.305209 ms
Unfolding: 	24.540617 ms
Retrieving: 	4655.798434 ms
Outputting: 	0.336216 ms
