Total: 	14251.325135 ms
Inputting: 	0.353796 ms
Unfolding: 	36.361341 ms
Retrieving: 	14213.759537 ms
Outputting: 	0.310614 ms
