Total: 	8015.928973 ms
Inputting: 	0.360677 ms
Unfolding: 	0.802663 ms
Retrieving: 	7587.675832 ms
Outputting: 	426.813762 ms
