Total: 	26.244682 ms
Inputting: 	0.342732 ms
Unfolding: 	2.166228 ms
Retrieving: 	23.163356 ms
Outputting: 	0.173631 ms
