Total: 	354.405238 ms
Inputting: 	0.281538 ms
Unfolding: 	2.337543 ms
Retrieving: 	351.1743 ms
Outputting: 	0.221654 ms
