Total: 	205.250111 ms
Inputting: 	0.297443 ms
Unfolding: 	2.23355 ms
Retrieving: 	202.066521 ms
Outputting: 	0.269516 ms
