Total: 	51.691981 ms
Inputting: 	0.304637 ms
Unfolding: 	2.257754 ms
Retrieving: 	48.665529 ms
Outputting: 	0.166807 ms
