Total: 	509.805788 ms
Inputting: 	0.380458 ms
Unfolding: 	138.797179 ms
Retrieving: 	252.322111 ms
Outputting: 	114.210455 ms
