Total: 	4278.353867 ms
Inputting: 	0.373133 ms
Unfolding: 	21.296588 ms
Retrieving: 	1597.746385 ms
Outputting: 	2657.433346 ms
