Total: 	85.375996 ms
Inputting: 	0.325194 ms
Unfolding: 	8.12619 ms
Retrieving: 	65.607304 ms
Outputting: 	10.869567 ms
