Total: 	9973.076946 ms
Inputting: 	0.3607 ms
Unfolding: 	22.342553 ms
Retrieving: 	7758.03266 ms
Outputting: 	2191.94984 ms
