Total: 	146748.188422 ms
Inputting: 	0.169857 ms
Unfolding: 	365.561998 ms
Retrieving: 	143456.780367 ms
Outputting: 	2922.844785 ms
