Total: 	2853.697078 ms
Inputting: 	0.361262 ms
Unfolding: 	161.9371 ms
Retrieving: 	2617.98967 ms
Outputting: 	67.994092 ms
