Total: 	761.060142 ms
Inputting: 	0.383162 ms
Unfolding: 	14.783676 ms
Retrieving: 	719.840619 ms
Outputting: 	25.677876 ms
