Total: 	13980.963951 ms
Inputting: 	0.417647 ms
Unfolding: 	20.253346 ms
Retrieving: 	11434.73631 ms
Outputting: 	2525.054966 ms
