Total: 	11645.810141 ms
Inputting: 	0.374853 ms
Unfolding: 	11.80282 ms
Retrieving: 	9134.718701 ms
Outputting: 	2498.294936 ms
