Total: 	2443.29091 ms
Inputting: 	0.43522 ms
Unfolding: 	395.07118 ms
Retrieving: 	2045.160877 ms
Outputting: 	2.145081 ms
