Total: 	299.720256 ms
Inputting: 	0.278038 ms
Unfolding: 	3.790524 ms
Retrieving: 	256.961032 ms
Outputting: 	38.381357 ms
