Total: 	3580.206932 ms
Inputting: 	0.352136 ms
Unfolding: 	45.561979 ms
Retrieving: 	3375.567303 ms
Outputting: 	158.208826 ms
