Total: 	5188.976639 ms
Inputting: 	0.354441 ms
Unfolding: 	2.279492 ms
Retrieving: 	4695.280627 ms
Outputting: 	490.613994 ms
