Total: 	78612.157489 ms
Inputting: 	0.314997 ms
Unfolding: 	205.478586 ms
Retrieving: 	78381.510042 ms
Outputting: 	23.913647 ms
