Total: 	1155.06477 ms
Inputting: 	0.376811 ms
Unfolding: 	18.910878 ms
Retrieving: 	1129.635179 ms
Outputting: 	5.600707 ms
