Total: 	43.95699 ms
Inputting: 	0.386858 ms
Unfolding: 	2.801935 ms
Retrieving: 	40.063056 ms
Outputting: 	0.21519 ms
