Total: 	11.715046 ms
Inputting: 	0.381056 ms
Unfolding: 	5.737924 ms
Retrieving: 	4.891735 ms
Outputting: 	0.202755 ms
