Total: 	1252.006668 ms
Inputting: 	0.419117 ms
Unfolding: 	84.26866 ms
Retrieving: 	1166.224102 ms
Outputting: 	0.248269 ms
