Total: 	197.996785 ms
Inputting: 	0.342423 ms
Unfolding: 	5.166619 ms
Retrieving: 	191.939997 ms
Outputting: 	0.166754 ms
