Total: 	23786.5826 ms
Inputting: 	0.278317 ms
Unfolding: 	3.356735 ms
Retrieving: 	23160.688638 ms
Outputting: 	621.83013 ms
