Total: 	213.567694 ms
Inputting: 	0.359026 ms
Unfolding: 	2.075791 ms
Retrieving: 	210.540207 ms
Outputting: 	0.223976 ms
