Total: 	47.267638 ms
Inputting: 	0.465309 ms
Unfolding: 	3.649818 ms
Retrieving: 	42.495064 ms
Outputting: 	0.181129 ms
