Total: 	169.111626 ms
Inputting: 	0.34985 ms
Unfolding: 	7.574603 ms
Retrieving: 	160.442468 ms
Outputting: 	0.212858 ms
