Total: 	4273.750611 ms
Inputting: 	0.369549 ms
Unfolding: 	62.834456 ms
Retrieving: 	4209.456202 ms
Outputting: 	0.540961 ms
