Total: 	37.203208 ms
Inputting: 	1.635489 ms
Unfolding: 	13.441609 ms
Retrieving: 	21.374806 ms
Outputting: 	0.215864 ms
