Total: 	1778.990914 ms
Inputting: 	0.299774 ms
Unfolding: 	400.757561 ms
Retrieving: 	1376.693518 ms
Outputting: 	0.203154 ms
