Total: 	368.035411 ms
Inputting: 	0.293632 ms
Unfolding: 	122.081982 ms
Retrieving: 	142.728259 ms
Outputting: 	95.590101 ms
