Total: 	9818.376644 ms
Inputting: 	0.282418 ms
Unfolding: 	17.902747 ms
Retrieving: 	8150.003498 ms
Outputting: 	1649.854717 ms
