Total: 	47.288112 ms
Inputting: 	0.334871 ms
Unfolding: 	8.159925 ms
Retrieving: 	25.429456 ms
Outputting: 	12.982764 ms
