Total: 	9624.335787 ms
Inputting: 	0.428997 ms
Unfolding: 	24.560899 ms
Retrieving: 	8352.153672 ms
Outputting: 	1246.740935 ms
