Total: 	25735.228279 ms
Inputting: 	0.326609 ms
Unfolding: 	158.239446 ms
Retrieving: 	24181.953033 ms
Outputting: 	1394.147132 ms
