Total: 	1537.325348 ms
Inputting: 	0.328396 ms
Unfolding: 	14.181261 ms
Retrieving: 	1478.319167 ms
Outputting: 	44.142306 ms
