Total: 	582.237348 ms
Inputting: 	0.339049 ms
Unfolding: 	10.753134 ms
Retrieving: 	544.331326 ms
Outputting: 	26.463817 ms
