Total: 	11977.844427 ms
Inputting: 	0.337141 ms
Unfolding: 	13.202984 ms
Retrieving: 	31.456748 ms
Outputting: 	11932.475715 ms
