Total: 	11922.354544 ms
Inputting: 	0.440325 ms
Unfolding: 	14.249728 ms
Retrieving: 	198.545845 ms
Outputting: 	11708.492921 ms
