Total: 	1813.163882 ms
Inputting: 	2.81437 ms
Unfolding: 	585.778698 ms
Retrieving: 	1206.409433 ms
Outputting: 	17.704863 ms
