Total: 	200.408734 ms
Inputting: 	0.454917 ms
Unfolding: 	4.678691 ms
Retrieving: 	52.754227 ms
Outputting: 	142.174053 ms
