Total: 	3931.793963 ms
Inputting: 	0.461553 ms
Unfolding: 	37.059299 ms
Retrieving: 	385.265289 ms
Outputting: 	3508.606676 ms
