Total: 	71481.920033 ms
Inputting: 	0.331665 ms
Unfolding: 	174.913374 ms
Retrieving: 	70631.259547 ms
Outputting: 	670.78649 ms
