Total: 	2767.488369 ms
Inputting: 	0.430182 ms
Unfolding: 	12.223173 ms
Retrieving: 	2519.615862 ms
Outputting: 	234.505037 ms
