Total: 	970.152415 ms
Inputting: 	0.417558 ms
Unfolding: 	4.774626 ms
Retrieving: 	895.50152 ms
Outputting: 	68.507995 ms
