Total: 	24997.016052 ms
Inputting: 	0.402001 ms
Unfolding: 	7.704448 ms
Retrieving: 	23650.302251 ms
Outputting: 	1337.698046 ms
