Total: 	121.759281 ms
Inputting: 	0.423839 ms
Unfolding: 	9.209668 ms
Retrieving: 	111.239197 ms
Outputting: 	0.157631 ms
