Total: 	213340.918814 ms
Inputting: 	0.415606 ms
Unfolding: 	107.530288 ms
Retrieving: 	212119.228677 ms
Outputting: 	1112.645436 ms
