Total: 	30865.852259 ms
Inputting: 	0.397694 ms
Unfolding: 	10.688141 ms
Retrieving: 	30853.566631 ms
Outputting: 	0.200854 ms
