Total: 	581.671511 ms
Inputting: 	0.389539 ms
Unfolding: 	3.750191 ms
Retrieving: 	574.370917 ms
Outputting: 	2.32627 ms
