Total: 	10891.997159 ms
Inputting: 	0.430679 ms
Unfolding: 	72.594103 ms
Retrieving: 	10807.575375 ms
Outputting: 	10.063641 ms
