Total: 	2980.194342 ms
Inputting: 	0.36026 ms
Unfolding: 	32.377282 ms
Retrieving: 	2892.650232 ms
Outputting: 	53.946658 ms
