Total: 	14556.48157 ms
Inputting: 	0.409015 ms
Unfolding: 	75.580543 ms
Retrieving: 	14111.013688 ms
Outputting: 	368.58061 ms
