Total: 	26298.530425 ms
Inputting: 	0.421856 ms
Unfolding: 	120.148045 ms
Retrieving: 	25455.678754 ms
Outputting: 	721.330532 ms
