Total: 	20648.841294 ms
Inputting: 	0.403207 ms
Unfolding: 	8.291114 ms
Retrieving: 	20564.317315 ms
Outputting: 	75.141373 ms
