Total: 	40002.576337 ms
Inputting: 	0.391503 ms
Unfolding: 	12.804457 ms
Retrieving: 	39823.074806 ms
Outputting: 	165.458459 ms
