Total: 	13477.644047 ms
Inputting: 	0.447795 ms
Unfolding: 	7.461615 ms
Retrieving: 	13210.19673 ms
Outputting: 	258.579406 ms
