Total: 	16068.226493 ms
Inputting: 	0.390148 ms
Unfolding: 	2.3696 ms
Retrieving: 	15811.340422 ms
Outputting: 	253.543498 ms
