Total: 	10011.514947 ms
Inputting: 	0.349614 ms
Unfolding: 	2.287445 ms
Retrieving: 	9961.613994 ms
Outputting: 	46.680844 ms
