Total: 	20285.507109 ms
Inputting: 	0.344244 ms
Unfolding: 	1.593727 ms
Retrieving: 	19876.505177 ms
Outputting: 	406.405644 ms
