Total: 	49133.936045 ms
Inputting: 	0.258032 ms
Unfolding: 	22.546999 ms
Retrieving: 	48119.566259 ms
Outputting: 	990.59152 ms
