Total: 	81460.303264 ms
Inputting: 	0.41585 ms
Unfolding: 	45.196513 ms
Retrieving: 	81194.235512 ms
Outputting: 	219.578801 ms
