Total: 	141016.896168 ms
Inputting: 	0.326149 ms
Unfolding: 	90.556146 ms
Retrieving: 	140555.351624 ms
Outputting: 	369.388948 ms
