Total: 	1000036.368002 ms
Inputting: 	0.406367 ms
Unfolding: 	4.395705 ms
Retrieving: 	ERROR: SQL query execution returns NULL
