Total: 	1000045.342161 ms
Inputting: 	0.336307 ms
Unfolding: 	23.654481 ms
Retrieving: 	ERROR: SQL query execution returns NULL
