Total: 	7424.221276 ms
Inputting: 	0.382976 ms
Unfolding: 	7.390002 ms
Retrieving: 	7224.142352 ms
Outputting: 	191.390986 ms
