Total: 	25572.301784 ms
Inputting: 	0.108146 ms
Unfolding: 	3.116152 ms
Retrieving: 	25500.658625 ms
Outputting: 	67.706082 ms
