Total: 	1718.971966 ms
Inputting: 	0.090412 ms
Unfolding: 	569.260105 ms
Retrieving: 	1148.667232 ms
Outputting: 	0.152767 ms
