Total: 	288491.108249 ms
Inputting: 	0.067606 ms
Unfolding: 	153.719238 ms
Retrieving: 	288105.500764 ms
Outputting: 	2.987529 ms
