Total: 	5.435047 ms
Inputting: 	0.096481 ms
Unfolding: 	3.282093 ms
Retrieving: 	1.39057 ms
Outputting: 	0.098923 ms
