Total: 	264.50305 ms
Inputting: 	0.080204 ms
Unfolding: 	3.26753 ms
Retrieving: 	260.371002 ms
Outputting: 	0.200058 ms
