Total: 	2363.863993 ms
Inputting: 	0.137781 ms
Unfolding: 	1.737027 ms
Retrieving: 	2307.102996 ms
Outputting: 	53.977456 ms
