Total: 	137.519463 ms
Inputting: 	0.112204 ms
Unfolding: 	3.248815 ms
Retrieving: 	133.199952 ms
Outputting: 	0.296604 ms
