Total: 	762.220876 ms
Inputting: 	0.128532 ms
Unfolding: 	13.489882 ms
Retrieving: 	747.141575 ms
Outputting: 	0.689908 ms
