Total: 	28.437637 ms
Inputting: 	0.073095 ms
Unfolding: 	3.520416 ms
Retrieving: 	23.750551 ms
Outputting: 	0.586131 ms
