Total: 	7.656712 ms
Inputting: 	0.095067 ms
Unfolding: 	1.595654 ms
Retrieving: 	5.13452 ms
Outputting: 	0.268887 ms
