Total: 	411.472268 ms
Inputting: 	0.125102 ms
Unfolding: 	158.499473 ms
Retrieving: 	248.722917 ms
Outputting: 	0.345491 ms
