Total: 	4.307469 ms
Inputting: 	0.09205 ms
Unfolding: 	2.262441 ms
Retrieving: 	1.333253 ms
Outputting: 	0.093958 ms
