Total: 	265.086693 ms
Inputting: 	0.084727 ms
Unfolding: 	68.30193 ms
Retrieving: 	195.700103 ms
Outputting: 	0.241624 ms
