Total: 	8459.604779 ms
Inputting: 	0.114367 ms
Unfolding: 	84.2356 ms
Retrieving: 	8374.0531 ms
Outputting: 	0.25866 ms
