Total: 	33528.199659 ms
Inputting: 	0.348494 ms
Unfolding: 	172.637173 ms
Retrieving: 	7885.913916 ms
Outputting: 	25465.651327 ms
