Total: 	28516.355678 ms
Inputting: 	0.585117 ms
Unfolding: 	20.00834 ms
Retrieving: 	27851.887875 ms
Outputting: 	643.421906 ms
