Total: 	6274.163221 ms
Inputting: 	0.422123 ms
Unfolding: 	7.987975 ms
Retrieving: 	5873.435969 ms
Outputting: 	391.69852 ms
