Total: 	187062.101403 ms
Inputting: 	0.36447 ms
Unfolding: 	10.757673 ms
Retrieving: 	180969.582376 ms
Outputting: 	6080.954974 ms
