Total: 	161.91701 ms
Inputting: 	0.342129 ms
Unfolding: 	14.057329 ms
Retrieving: 	146.943694 ms
Outputting: 	0.166767 ms
