Total: 	316556.759035 ms
Inputting: 	0.389099 ms
Unfolding: 	203.943981 ms
Retrieving: 	307940.217363 ms
Outputting: 	8411.669334 ms
