Total: 	5511.794256 ms
Inputting: 	0.404264 ms
Unfolding: 	9.527174 ms
Retrieving: 	5501.183732 ms
Outputting: 	0.233856 ms
