Total: 	1848.381352 ms
Inputting: 	0.326438 ms
Unfolding: 	5.656551 ms
Retrieving: 	1827.755096 ms
Outputting: 	14.154616 ms
