Total: 	12359.545749 ms
Inputting: 	0.370142 ms
Unfolding: 	137.994736 ms
Retrieving: 	12174.719348 ms
Outputting: 	45.888392 ms
