Total: 	70904.527991 ms
Inputting: 	0.375081 ms
Unfolding: 	76.537678 ms
Retrieving: 	70618.212322 ms
Outputting: 	208.930225 ms
