Total: 	224943.298418 ms
Inputting: 	0.287299 ms
Unfolding: 	65.906978 ms
Retrieving: 	222072.642645 ms
Outputting: 	2804.043235 ms
