Total: 	541132.250751 ms
Inputting: 	0.35844 ms
Unfolding: 	208.952652 ms
Retrieving: 	529794.186458 ms
Outputting: 	11106.881307 ms
