Total: 	10216.664662 ms
Inputting: 	20.892812 ms
Unfolding: 	334.705113 ms
Retrieving: 	6263.792101 ms
Outputting: 	3587.166709 ms
