Total: 	307620.178756 ms
Inputting: 	0.397764 ms
Unfolding: 	17.124079 ms
Retrieving: 	231122.044575 ms
Outputting: 	76478.488024 ms
