Total: 	23885.841957 ms
Inputting: 	0.973847 ms
Unfolding: 	507.044884 ms
Retrieving: 	1917.561129 ms
Outputting: 	21459.529199 ms
