Total: 	23948.16491 ms
Inputting: 	0.281558 ms
Unfolding: 	14.784442 ms
Retrieving: 	1943.812031 ms
Outputting: 	21988.949871 ms
