Total: 	3761.166228 ms
Inputting: 	0.359938 ms
Unfolding: 	18.630483 ms
Retrieving: 	2260.14531 ms
Outputting: 	1481.563691 ms
