Total: 	74011.35669 ms
Inputting: 	0.387934 ms
Unfolding: 	11.758886 ms
Retrieving: 	16.207863 ms
Outputting: 	73982.621362 ms
