Total: 	227237.695222 ms
Inputting: 	0.749604 ms
Unfolding: 	89.517899 ms
Retrieving: 	79258.384565 ms
Outputting: 	147885.719015 ms
