Total: 	197097.642285 ms
Inputting: 	1.977233 ms
Unfolding: 	254.900946 ms
Retrieving: 	192342.244463 ms
Outputting: 	4036.353094 ms
