Total: 	352033.223516 ms
Inputting: 	5.580132 ms
Unfolding: 	499.722802 ms
Retrieving: 	128669.727172 ms
Outputting: 	222844.081029 ms
