Total: 	287869.46242 ms
Inputting: 	4.769792 ms
Unfolding: 	708.903551 ms
Retrieving: 	140001.496436 ms
Outputting: 	147148.834094 ms
