Total: 	30823.166105 ms
Inputting: 	1.328396 ms
Unfolding: 	172.793098 ms
Retrieving: 	30545.673223 ms
Outputting: 	102.901248 ms
