Total: 	279546.705805 ms
Inputting: 	4.620664 ms
Unfolding: 	423.422582 ms
Retrieving: 	31688.289164 ms
Outputting: 	247422.922522 ms
