Total: 	26076.882983 ms
Inputting: 	0.73979 ms
Unfolding: 	44.040417 ms
Retrieving: 	15628.559729 ms
Outputting: 	10400.700589 ms
