Total: 	8855.630485 ms
Inputting: 	0.306019 ms
Unfolding: 	3.089247 ms
Retrieving: 	1328.054582 ms
Outputting: 	7523.756741 ms
