Total: 	11.193856 ms
Inputting: 	0.316193 ms
Unfolding: 	4.844104 ms
Retrieving: 	5.343355 ms
Outputting: 	0.157677 ms
