Total: 	49.387362 ms
Inputting: 	0.391234 ms
Unfolding: 	3.450455 ms
Retrieving: 	44.910458 ms
Outputting: 	0.176917 ms
