Total: 	16.667544 ms
Inputting: 	0.411582 ms
Unfolding: 	4.653566 ms
Retrieving: 	10.748986 ms
Outputting: 	0.429209 ms
