Total: 	187.461946 ms
Inputting: 	0.237325 ms
Unfolding: 	7.304689 ms
Retrieving: 	179.292094 ms
Outputting: 	0.274312 ms
