Total: 	190.665918 ms
Inputting: 	0.395268 ms
Unfolding: 	6.504487 ms
Retrieving: 	183.043482 ms
Outputting: 	0.197974 ms
