Total: 	4420.124138 ms
Inputting: 	0.330137 ms
Unfolding: 	1.104772 ms
Retrieving: 	13.537395 ms
Outputting: 	4404.848513 ms
