Total: 	52.436752 ms
Inputting: 	0.318519 ms
Unfolding: 	3.663537 ms
Retrieving: 	47.778489 ms
Outputting: 	0.205327 ms
