Total: 	306.507758 ms
Inputting: 	0.392968 ms
Unfolding: 	74.872258 ms
Retrieving: 	230.277406 ms
Outputting: 	0.332446 ms
