Total: 	47617.186221 ms
Inputting: 	0.365127 ms
Unfolding: 	210.453417 ms
Retrieving: 	8610.554107 ms
Outputting: 	38795.08466 ms
