Total: 	36.297252 ms
Inputting: 	0.384554 ms
Unfolding: 	4.755123 ms
Retrieving: 	30.452169 ms
Outputting: 	0.254523 ms
