Total: 	3091.998018 ms
Inputting: 	0.381718 ms
Unfolding: 	41.976221 ms
Retrieving: 	3048.715939 ms
Outputting: 	0.294288 ms
