Total: 	389.643936 ms
Inputting: 	0.373007 ms
Unfolding: 	12.775154 ms
Retrieving: 	193.420668 ms
Outputting: 	182.535535 ms
