Total: 	509.768164 ms
Inputting: 	0.377596 ms
Unfolding: 	317.371863 ms
Retrieving: 	191.223112 ms
Outputting: 	0.198951 ms
