Total: 	35.664688 ms
Inputting: 	0.36613 ms
Unfolding: 	2.657217 ms
Retrieving: 	32.028352 ms
Outputting: 	0.180799 ms
