Total: 	4210.784333 ms
Inputting: 	0.455926 ms
Unfolding: 	1.771332 ms
Retrieving: 	12.817978 ms
Outputting: 	4195.266094 ms
