Total: 	519.668781 ms
Inputting: 	0.386927 ms
Unfolding: 	343.571525 ms
Retrieving: 	175.072397 ms
Outputting: 	0.151055 ms
