Total: 	62.155745 ms
Inputting: 	0.30316 ms
Unfolding: 	3.790797 ms
Retrieving: 	57.323261 ms
Outputting: 	0.318016 ms
