Total: 	61717.651899 ms
Inputting: 	0.348546 ms
Unfolding: 	136.42671 ms
Retrieving: 	6816.874718 ms
Outputting: 	54763.274863 ms
