Total: 	12.478612 ms
Inputting: 	0.352646 ms
Unfolding: 	4.231399 ms
Retrieving: 	7.368431 ms
Outputting: 	0.16527 ms
