Total: 	25.340718 ms
Inputting: 	0.443838 ms
Unfolding: 	4.073168 ms
Retrieving: 	20.221905 ms
Outputting: 	0.17671 ms
