Total: 	257.909272 ms
Inputting: 	0.366398 ms
Unfolding: 	59.343721 ms
Retrieving: 	197.514266 ms
Outputting: 	0.240778 ms
