Total: 	8389.503663 ms
Inputting: 	0.25732 ms
Unfolding: 	2.479949 ms
Retrieving: 	1239.327725 ms
Outputting: 	7147.062022 ms
