Total: 	191.950692 ms
Inputting: 	0.287176 ms
Unfolding: 	3.937769 ms
Retrieving: 	187.153682 ms
Outputting: 	0.191829 ms
