Total: 	395.036481 ms
Inputting: 	0.366237 ms
Unfolding: 	229.856167 ms
Retrieving: 	160.194822 ms
Outputting: 	0.248525 ms
