Total: 	12.144993 ms
Inputting: 	0.34524 ms
Unfolding: 	6.196954 ms
Retrieving: 	4.980089 ms
Outputting: 	0.201363 ms
