Total: 	378.441818 ms
Inputting: 	0.373762 ms
Unfolding: 	9.704863 ms
Retrieving: 	194.064066 ms
Outputting: 	173.600687 ms
