Total: 	3341.127971 ms
Inputting: 	0.340865 ms
Unfolding: 	72.988638 ms
Retrieving: 	3266.696013 ms
Outputting: 	0.323612 ms
