Total: 	69585.97549 ms
Inputting: 	0.3444 ms
Unfolding: 	197.047114 ms
Retrieving: 	69270.39529 ms
Outputting: 	113.858245 ms
