Total: 	2617.4762 ms
Inputting: 	0.284899 ms
Unfolding: 	19.746941 ms
Retrieving: 	2585.61623 ms
Outputting: 	11.178103 ms
