Total: 	1139.060734 ms
Inputting: 	1.504906 ms
Unfolding: 	8.04582 ms
Retrieving: 	1123.991432 ms
Outputting: 	4.800704 ms
