Total: 	18544.753001 ms
Inputting: 	0.109795 ms
Unfolding: 	12.184942 ms
Retrieving: 	18303.071807 ms
Outputting: 	99.995315 ms
