Total: 	128.794956 ms
Inputting: 	0.353134 ms
Unfolding: 	6.796189 ms
Retrieving: 	120.936038 ms
Outputting: 	0.148079 ms
