Total: 	257696.597362 ms
Inputting: 	0.383515 ms
Unfolding: 	280.39275 ms
Retrieving: 	52927.756728 ms
Outputting: 	1172.966114 ms
