Total: 	30367.518005 ms
Inputting: 	0.585476 ms
Unfolding: 	10.475466 ms
Retrieving: 	30355.742778 ms
Outputting: 	0.134933 ms
