Total: 	606.820725 ms
Inputting: 	0.374022 ms
Unfolding: 	4.827816 ms
Retrieving: 	600.188543 ms
Outputting: 	0.411619 ms
