Total: 	9066.580065 ms
Inputting: 	0.294243 ms
Unfolding: 	88.378888 ms
Retrieving: 	8976.603382 ms
Outputting: 	0.74743 ms
