Total: 	2047.270486 ms
Inputting: 	0.364215 ms
Unfolding: 	57.366177 ms
Retrieving: 	1984.952283 ms
Outputting: 	4.025381 ms
