Total: 	18182.029952 ms
Inputting: 	0.390198 ms
Unfolding: 	89.155443 ms
Retrieving: 	18066.324593 ms
Outputting: 	25.287896 ms
