Total: 	37606.950827 ms
Inputting: 	0.419591 ms
Unfolding: 	144.38905 ms
Retrieving: 	37409.150068 ms
Outputting: 	51.963793 ms
