Total: 	24641.229864 ms
Inputting: 	0.398636 ms
Unfolding: 	5.302155 ms
Retrieving: 	24618.238581 ms
Outputting: 	16.547604 ms
