Total: 	37818.7327 ms
Inputting: 	0.397516 ms
Unfolding: 	16.484262 ms
Retrieving: 	37634.354546 ms
Outputting: 	165.397598 ms
