Total: 	7484.016378 ms
Inputting: 	0.317881 ms
Unfolding: 	6.023604 ms
Retrieving: 	7420.616707 ms
Outputting: 	56.579069 ms
