Total: 	6462.441672 ms
Inputting: 	1.852492 ms
Unfolding: 	4.202244 ms
Retrieving: 	6412.117354 ms
Outputting: 	43.588219 ms
