Total: 	1346.365601 ms
Inputting: 	0.365233 ms
Unfolding: 	5.722341 ms
Retrieving: 	1325.032851 ms
Outputting: 	14.576815 ms
