Total: 	10161.561536 ms
Inputting: 	0.245455 ms
Unfolding: 	2.219934 ms
Retrieving: 	10062.123257 ms
Outputting: 	96.385722 ms
