Total: 	45493.853027 ms
Inputting: 	0.266113 ms
Unfolding: 	35.629389 ms
Retrieving: 	45323.826482 ms
Outputting: 	133.548519 ms
