Total: 	58817.752568 ms
Inputting: 	0.367599 ms
Unfolding: 	67.562131 ms
Retrieving: 	58713.522497 ms
Outputting: 	35.645029 ms
