Total: 	103455.501197 ms
Inputting: 	0.349696 ms
Unfolding: 	151.235353 ms
Retrieving: 	102867.537843 ms
Outputting: 	55.564484 ms
