Total: 	1007048.692818 ms
Inputting: 	0.124126 ms
Unfolding: 	6.202596 ms
Retrieving: 	ERROR: SQL query execution returns NULL
