Total: 	6053.68051 ms
Inputting: 	0.129592 ms
Unfolding: 	5.569632 ms
Retrieving: 	5867.457434 ms
Outputting: 	3.077375 ms
