Total: 	1017050.890126 ms
Inputting: 	0.085656 ms
Unfolding: 	47.150135 ms
Retrieving: 	ERROR: SQL query execution returns NULL
