Total: 	2707.685974 ms
Inputting: 	0.347931 ms
Unfolding: 	9.922088 ms
Retrieving: 	2660.990997 ms
Outputting: 	35.703404 ms
