Total: 	7215.605199 ms
Inputting: 	0.33533 ms
Unfolding: 	156.369745 ms
Retrieving: 	4315.571765 ms
Outputting: 	2737.680716 ms
