Total: 	1064.66903 ms
Inputting: 	0.444177 ms
Unfolding: 	13.681386 ms
Retrieving: 	802.529722 ms
Outputting: 	247.415009 ms
