Total: 	292.493899 ms
Inputting: 	0.40906 ms
Unfolding: 	8.969759 ms
Retrieving: 	162.782724 ms
Outputting: 	119.796649 ms
