Total: 	4211.674513 ms
Inputting: 	0.418843 ms
Unfolding: 	17.676913 ms
Retrieving: 	1662.169419 ms
Outputting: 	2530.967086 ms
