Total: 	70.257725 ms
Inputting: 	0.440318 ms
Unfolding: 	6.631979 ms
Retrieving: 	62.428637 ms
Outputting: 	0.32332 ms
