Total: 	18755.812241 ms
Inputting: 	0.414455 ms
Unfolding: 	199.291713 ms
Retrieving: 	17224.726334 ms
Outputting: 	1330.898533 ms
