Total: 	1159.916552 ms
Inputting: 	0.470181 ms
Unfolding: 	8.620211 ms
Retrieving: 	1149.951144 ms
Outputting: 	0.395649 ms
