Total: 	168.65392 ms
Inputting: 	0.389172 ms
Unfolding: 	7.554312 ms
Retrieving: 	152.643369 ms
Outputting: 	7.722839 ms
