Total: 	2000.956723 ms
Inputting: 	0.392077 ms
Unfolding: 	90.545564 ms
Retrieving: 	1898.637819 ms
Outputting: 	10.78739 ms
