Total: 	4925.407954 ms
Inputting: 	0.381537 ms
Unfolding: 	82.867564 ms
Retrieving: 	4786.589875 ms
Outputting: 	54.972687 ms
