Total: 	30232.909409 ms
Inputting: 	0.435319 ms
Unfolding: 	72.384797 ms
Retrieving: 	29676.101316 ms
Outputting: 	483.588873 ms
