Total: 	37946.058527 ms
Inputting: 	0.425645 ms
Unfolding: 	227.001562 ms
Retrieving: 	36335.927064 ms
Outputting: 	1382.19594 ms
