Total: 	4142.895416 ms
Inputting: 	0.412587 ms
Unfolding: 	9.0612 ms
Retrieving: 	316.98905 ms
Outputting: 	3816.060159 ms
