Total: 	3913.13919 ms
Inputting: 	0.400347 ms
Unfolding: 	5.858344 ms
Retrieving: 	758.60957 ms
Outputting: 	3147.861586 ms
