Total: 	1369.342603 ms
Inputting: 	0.397045 ms
Unfolding: 	5.61311 ms
Retrieving: 	1061.946485 ms
Outputting: 	301.051229 ms
