Total: 	6647.739181 ms
Inputting: 	0.382152 ms
Unfolding: 	2.770181 ms
Retrieving: 	12.228964 ms
Outputting: 	6632.008165 ms
