Total: 	25566.507287 ms
Inputting: 	0.327781 ms
Unfolding: 	23.582919 ms
Retrieving: 	6648.046681 ms
Outputting: 	18894.134593 ms
