Total: 	55194.92438 ms
Inputting: 	0.435803 ms
Unfolding: 	77.493693 ms
Retrieving: 	52139.517901 ms
Outputting: 	2977.00022 ms
