Total: 	99598.259326 ms
Inputting: 	0.429199 ms
Unfolding: 	181.348881 ms
Retrieving: 	63149.481878 ms
Outputting: 	36266.303509 ms
