Total: 	29790.875823 ms
Inputting: 	0.340943 ms
Unfolding: 	5.418313 ms
Retrieving: 	6250.0957 ms
Outputting: 	23534.648115 ms
