Total: 	3761.601858 ms
Inputting: 	0.362855 ms
Unfolding: 	10.122132 ms
Retrieving: 	3733.681113 ms
Outputting: 	16.991521 ms
