Total: 	34861.353839 ms
Inputting: 	0.34541 ms
Unfolding: 	40.729916 ms
Retrieving: 	7508.085496 ms
Outputting: 	27311.753443 ms
