Total: 	8120.816625 ms
Inputting: 	0.328715 ms
Unfolding: 	18.601791 ms
Retrieving: 	6186.455865 ms
Outputting: 	1915.075942 ms
