Total: 	12342.01274 ms
Inputting: 	0.523992 ms
Unfolding: 	138.6443 ms
Retrieving: 	1542.183313 ms
Outputting: 	10652.962949 ms
