Total: 	1047.331097 ms
Inputting: 	0.316562 ms
Unfolding: 	16.058769 ms
Retrieving: 	904.628368 ms
Outputting: 	125.952922 ms
