Total: 	194.265738 ms
Inputting: 	0.421844 ms
Unfolding: 	10.264379 ms
Retrieving: 	103.26733 ms
Outputting: 	79.704495 ms
