Total: 	9395.28872 ms
Inputting: 	0.43223 ms
Unfolding: 	11.911316 ms
Retrieving: 	7932.970781 ms
Outputting: 	1448.771555 ms
