Total: 	47.417257 ms
Inputting: 	0.393583 ms
Unfolding: 	10.527465 ms
Retrieving: 	35.648905 ms
Outputting: 	0.345806 ms
