Total: 	28103.44416 ms
Inputting: 	0.414557 ms
Unfolding: 	186.355205 ms
Retrieving: 	26766.692712 ms
Outputting: 	1149.47001 ms
