Total: 	1916.905155 ms
Inputting: 	0.646475 ms
Unfolding: 	10.324703 ms
Retrieving: 	1905.703607 ms
Outputting: 	0.23037 ms
