Total: 	221.286054 ms
Inputting: 	0.417285 ms
Unfolding: 	5.589621 ms
Retrieving: 	215.106493 ms
Outputting: 	0.172655 ms
