Total: 	5775.386801 ms
Inputting: 	0.330852 ms
Unfolding: 	177.322658 ms
Retrieving: 	5574.948322 ms
Outputting: 	22.291464 ms
