Total: 	7230.767469 ms
Inputting: 	0.445463 ms
Unfolding: 	67.183443 ms
Retrieving: 	7094.395059 ms
Outputting: 	68.281337 ms
