Total: 	13451.499088 ms
Inputting: 	0.370652 ms
Unfolding: 	102.696604 ms
Retrieving: 	12969.750347 ms
Outputting: 	377.981184 ms
