Total: 	23744.777391 ms
Inputting: 	0.363891 ms
Unfolding: 	110.41398 ms
Retrieving: 	22877.691091 ms
Outputting: 	755.900316 ms
