Total: 	7654.028338 ms
Inputting: 	0.277172 ms
Unfolding: 	7.76738 ms
Retrieving: 	198.850595 ms
Outputting: 	7446.828556 ms
