Total: 	7791.075621 ms
Inputting: 	0.389084 ms
Unfolding: 	5.053793 ms
Retrieving: 	210.16594 ms
Outputting: 	7575.087217 ms
