Total: 	1173.455873 ms
Inputting: 	0.397846 ms
Unfolding: 	6.547488 ms
Retrieving: 	629.359622 ms
Outputting: 	536.756784 ms
