Total: 	15636.605448 ms
Inputting: 	0.381889 ms
Unfolding: 	2.876509 ms
Retrieving: 	19.696163 ms
Outputting: 	15613.343121 ms
