Total: 	34978.47367 ms
Inputting: 	0.298948 ms
Unfolding: 	33.090552 ms
Retrieving: 	9449.560034 ms
Outputting: 	25495.103265 ms
