Total: 	23700.138024 ms
Inputting: 	0.424878 ms
Unfolding: 	85.5629 ms
Retrieving: 	18123.302783 ms
Outputting: 	5490.402091 ms
