Total: 	43112.616442 ms
Inputting: 	0.431779 ms
Unfolding: 	117.229266 ms
Retrieving: 	15327.265531 ms
Outputting: 	27667.149277 ms
