Total: 	59072.661378 ms
Inputting: 	0.401693 ms
Unfolding: 	8.066908 ms
Retrieving: 	12261.782114 ms
Outputting: 	46802.048013 ms
