Total: 	598.505343 ms
Inputting: 	0.404309 ms
Unfolding: 	12.864474 ms
Retrieving: 	543.319862 ms
Outputting: 	41.556366 ms
