Total: 	33474.483049 ms
Inputting: 	0.275232 ms
Unfolding: 	37.277097 ms
Retrieving: 	6605.50829 ms
Outputting: 	26831.021258 ms
