Total: 	6053.417135 ms
Inputting: 	0.362792 ms
Unfolding: 	7.313245 ms
Retrieving: 	1595.863185 ms
Outputting: 	4449.535668 ms
