Total: 	18.085464 ms
Inputting: 	0.401034 ms
Unfolding: 	4.021747 ms
Retrieving: 	13.2034 ms
Outputting: 	0.151811 ms
