Total: 	42709.888706 ms
Inputting: 	0.381263 ms
Unfolding: 	151.487476 ms
Retrieving: 	11678.135121 ms
Outputting: 	30879.316443 ms
