Total: 	85.300862 ms
Inputting: 	0.411374 ms
Unfolding: 	6.302317 ms
Retrieving: 	77.691565 ms
Outputting: 	0.358335 ms
