Total: 	84.004018 ms
Inputting: 	0.243325 ms
Unfolding: 	1.900807 ms
Retrieving: 	81.433881 ms
Outputting: 	0.179558 ms
