Total: 	400.595792 ms
Inputting: 	0.292154 ms
Unfolding: 	154.020604 ms
Retrieving: 	242.232909 ms
Outputting: 	0.569647 ms
