Total: 	506.252332 ms
Inputting: 	0.411447 ms
Unfolding: 	45.092634 ms
Retrieving: 	459.777775 ms
Outputting: 	0.457828 ms
