Total: 	6028.845763 ms
Inputting: 	0.503739 ms
Unfolding: 	76.602463 ms
Retrieving: 	5949.813007 ms
Outputting: 	0.488284 ms
