Total: 	3254.16408 ms
Inputting: 	0.297035 ms
Unfolding: 	465.485497 ms
Retrieving: 	2787.48481 ms
Outputting: 	0.354837 ms
