Total: 	9.050236 ms
Inputting: 	0.419275 ms
Unfolding: 	2.013946 ms
Retrieving: 	6.203743 ms
Outputting: 	0.179151 ms
