Total: 	5833.46106 ms
Inputting: 	0.408112 ms
Unfolding: 	4.352248 ms
Retrieving: 	1091.414704 ms
Outputting: 	4736.854543 ms
