Total: 	2510.087139 ms
Inputting: 	0.315322 ms
Unfolding: 	1.205787 ms
Retrieving: 	13.509751 ms
Outputting: 	2494.794019 ms
