Total: 	30.853751 ms
Inputting: 	0.382143 ms
Unfolding: 	7.188113 ms
Retrieving: 	21.505877 ms
Outputting: 	1.322946 ms
