Total: 	211.438215 ms
Inputting: 	0.404798 ms
Unfolding: 	18.633953 ms
Retrieving: 	129.300852 ms
Outputting: 	62.677421 ms
