Total: 	236.785783 ms
Inputting: 	0.263544 ms
Unfolding: 	2.97925 ms
Retrieving: 	233.010221 ms
Outputting: 	0.288603 ms
