Total: 	15887.778452 ms
Inputting: 	0.574607 ms
Unfolding: 	117.392293 ms
Retrieving: 	13924.659936 ms
Outputting: 	1836.499247 ms
