Total: 	1189.738073 ms
Inputting: 	0.408646 ms
Unfolding: 	14.412209 ms
Retrieving: 	1046.207722 ms
Outputting: 	126.869237 ms
