Total: 	181.295691 ms
Inputting: 	0.440969 ms
Unfolding: 	6.48875 ms
Retrieving: 	93.663685 ms
Outputting: 	80.302369 ms
