Total: 	10046.185268 ms
Inputting: 	0.428538 ms
Unfolding: 	9.051599 ms
Retrieving: 	8814.465157 ms
Outputting: 	1221.67281 ms
