Total: 	29.615514 ms
Inputting: 	0.345717 ms
Unfolding: 	6.356525 ms
Retrieving: 	22.32401 ms
Outputting: 	0.208948 ms
