Total: 	46322.353685 ms
Inputting: 	0.495487 ms
Unfolding: 	105.321218 ms
Retrieving: 	45127.075246 ms
Outputting: 	1088.907165 ms
