Total: 	1994.464758 ms
Inputting: 	0.416749 ms
Unfolding: 	7.827912 ms
Retrieving: 	1986.079021 ms
Outputting: 	0.141076 ms
