Total: 	405.417177 ms
Inputting: 	0.392851 ms
Unfolding: 	4.725045 ms
Retrieving: 	400.142340 ms
Outputting: 	0.156941 ms
