Total: 	5723.065532 ms
Inputting: 	0.36349 ms
Unfolding: 	57.880778 ms
Retrieving: 	5650.493338 ms
Outputting: 	13.803381 ms
