Total: 	5879.290724 ms
Inputting: 	0.429106 ms
Unfolding: 	34.504566 ms
Retrieving: 	5781.652172 ms
Outputting: 	62.102578 ms
