Total: 	25535.774319 ms
Inputting: 	2.204666 ms
Unfolding: 	42.57652 ms
Retrieving: 	25121.288239 ms
Outputting: 	369.263964 ms
