Total: 	49412.960205 ms
Inputting: 	0.437548 ms
Unfolding: 	66.002592 ms
Retrieving: 	48596.816845 ms
Outputting: 	749.274605 ms
