Total: 	25753.707316 ms
Inputting: 	0.349351 ms
Unfolding: 	9.254643 ms
Retrieving: 	24595.265737 ms
Outputting: 	1148.475769 ms
