Total: 	27976.647747 ms
Inputting: 	0.407878 ms
Unfolding: 	2.477693 ms
Retrieving: 	27000.472198 ms
Outputting: 	973.000818 ms
