Total: 	8091.319977 ms
Inputting: 	0.354215 ms
Unfolding: 	4.212258 ms
Retrieving: 	8015.066123 ms
Outputting: 	71.328251 ms
