Total: 	20633.067441 ms
Inputting: 	0.379513 ms
Unfolding: 	2.644432 ms
Retrieving: 	19554.923107 ms
Outputting: 	1074.718838 ms
