Total: 	87278.632545 ms
Inputting: 	0.350468 ms
Unfolding: 	21.823544 ms
Retrieving: 	82159.461815 ms
Outputting: 	5096.599586 ms
