Total: 	116667.090663 ms
Inputting: 	0.367034 ms
Unfolding: 	47.100769 ms
Retrieving: 	114533.917597 ms
Outputting: 	2085.127458 ms
