Total: 	220218.34625 ms
Inputting: 	0.369264 ms
Unfolding: 	74.605119 ms
Retrieving: 	216025.992117 ms
Outputting: 	4116.721172 ms
