Total: 	173868.750059 ms
Inputting: 	0.416 ms
Unfolding: 	4.872339 ms
Retrieving: 	169391.929006 ms
Outputting: 	4471.163386 ms
