Total: 	5157.985791 ms
Inputting: 	0.341434 ms
Unfolding: 	5.757498 ms
Retrieving: 	5145.861267 ms
Outputting: 	5.668023 ms
