Total: 	294787.099522 ms
Inputting: 	0.421089 ms
Unfolding: 	20.921464 ms
Retrieving: 	294668.476135 ms
Outputting: 	96.855822 ms
