Total: 	6915.319489 ms
Inputting: 	0.269838 ms
Unfolding: 	4.123758 ms
Retrieving: 	6532.310491 ms
Outputting: 	378.315871 ms
