Total: 	393.533988 ms
Inputting: 	0.303394 ms
Unfolding: 	94.626775 ms
Retrieving: 	216.216211 ms
Outputting: 	76.761545 ms
