Total: 	4253.067675 ms
Inputting: 	0.324994 ms
Unfolding: 	13.882729 ms
Retrieving: 	1628.958623 ms
Outputting: 	2609.495139 ms
