Total: 	86.140567 ms
Inputting: 	0.460528 ms
Unfolding: 	10.643603 ms
Retrieving: 	62.096645 ms
Outputting: 	12.198606 ms
