Total: 	9594.318466 ms
Inputting: 	0.330108 ms
Unfolding: 	16.551758 ms
Retrieving: 	7461.967637 ms
Outputting: 	2115.085622 ms
