Total: 	156885.513587 ms
Inputting: 	0.36424 ms
Unfolding: 	74.05488 ms
Retrieving: 	153796.88329 ms
Outputting: 	3013.682407 ms
