Total: 	2162.138621 ms
Inputting: 	0.423425 ms
Unfolding: 	8.179827 ms
Retrieving: 	2101.454824 ms
Outputting: 	51.579182 ms
