Total: 	704.091582 ms
Inputting: 	0.391964 ms
Unfolding: 	5.566281 ms
Retrieving: 	675.031575 ms
Outputting: 	22.737296 ms
