Total: 	13698.010565 ms
Inputting: 	0.334839 ms
Unfolding: 	12.208704 ms
Retrieving: 	11417.038549 ms
Outputting: 	2267.965014 ms
