Total: 	11583.397319 ms
Inputting: 	0.463611 ms
Unfolding: 	8.560413 ms
Retrieving: 	9233.47797 ms
Outputting: 	2340.390348 ms
