Total: 	2419.526169 ms
Inputting: 	0.454761 ms
Unfolding: 	466.309742 ms
Retrieving: 	1949.888376 ms
Outputting: 	2.359821 ms
