Total: 	276.366475 ms
Inputting: 	0.375677 ms
Unfolding: 	3.402158 ms
Retrieving: 	249.488229 ms
Outputting: 	22.751487 ms
