Total: 	3420.090949 ms
Inputting: 	0.349685 ms
Unfolding: 	28.423943 ms
Retrieving: 	3238.530269 ms
Outputting: 	152.374364 ms
