Total: 	7453.544044 ms
Inputting: 	0.34627 ms
Unfolding: 	155.298073 ms
Retrieving: 	5666.142836 ms
Outputting: 	1623.232212 ms
