Total: 	7163.036762 ms
Inputting: 	0.422978 ms
Unfolding: 	9.560259 ms
Retrieving: 	7001.95079 ms
Outputting: 	150.486515 ms
