Total: 	1212.956184 ms
Inputting: 	0.365056 ms
Unfolding: 	7.680277 ms
Retrieving: 	1131.632719 ms
Outputting: 	72.767691 ms
