Total: 	34272.639587 ms
Inputting: 	0.394164 ms
Unfolding: 	11.028171 ms
Retrieving: 	33090.892228 ms
Outputting: 	1169.783609 ms
