Total: 	99.52972 ms
Inputting: 	0.45428 ms
Unfolding: 	9.303638 ms
Retrieving: 	89.031842 ms
Outputting: 	0.187245 ms
