Total: 	210070.953465 ms
Inputting: 	0.433066 ms
Unfolding: 	94.484849 ms
Retrieving: 	208836.760602 ms
Outputting: 	1138.69868 ms
