Total: 	1172.343333 ms
Inputting: 	0.40581 ms
Unfolding: 	7.89451 ms
Retrieving: 	1163.237538 ms
Outputting: 	0.253143 ms
