Total: 	579.313415 ms
Inputting: 	0.346404 ms
Unfolding: 	3.500011 ms
Retrieving: 	569.979362 ms
Outputting: 	5.029706 ms
