Total: 	3369.226975 ms
Inputting: 	0.423799 ms
Unfolding: 	61.872742 ms
Retrieving: 	3298.022966 ms
Outputting: 	8.364928 ms
