Total: 	5806.149873 ms
Inputting: 	0.428567 ms
Unfolding: 	29.901158 ms
Retrieving: 	5724.643953 ms
Outputting: 	50.754606 ms
