Total: 	41550.201711 ms
Inputting: 	0.479089 ms
Unfolding: 	59.139076 ms
Retrieving: 	41095.409839 ms
Outputting: 	394.607496 ms
