Total: 	89953.391344 ms
Inputting: 	0.577686 ms
Unfolding: 	90.197239 ms
Retrieving: 	89077.04127 ms
Outputting: 	784.920419 ms
