Total: 	9877.251785 ms
Inputting: 	0.35882 ms
Unfolding: 	7.698129 ms
Retrieving: 	9132.057179 ms
Outputting: 	736.756154 ms
