Total: 	12146.873333 ms
Inputting: 	0.437932 ms
Unfolding: 	4.996139 ms
Retrieving: 	11567.695444 ms
Outputting: 	573.225805 ms
