Total: 	5708.870789 ms
Inputting: 	0.375002 ms
Unfolding: 	4.294252 ms
Retrieving: 	5603.419858 ms
Outputting: 	100.103326 ms
