Total: 	16813.54143 ms
Inputting: 	0.42089 ms
Unfolding: 	1.322533 ms
Retrieving: 	15600.084902 ms
Outputting: 	1211.11447 ms
