Total: 	46736.039331 ms
Inputting: 	0.362956 ms
Unfolding: 	22.236061 ms
Retrieving: 	44614.594359 ms
Outputting: 	2098.380303 ms
