Total: 	92843.007804 ms
Inputting: 	0.393677 ms
Unfolding: 	39.638047 ms
Retrieving: 	92372.423081 ms
Outputting: 	430.014879 ms
