Total: 	171449.33841 ms
Inputting: 	0.313758 ms
Unfolding: 	124.82173 ms
Retrieving: 	170468.655442 ms
Outputting: 	854.792333 ms
