Total: 	1000662.725349 ms
Inputting: 	0.426646 ms
Unfolding: 	4.420925 ms
Retrieving: 	ERROR: SQL query execution returns NULL
