Total: 	191272.760489 ms
Inputting: 	6.251776 ms
Unfolding: 	247.921052 ms
Retrieving: 	190863.794553 ms
Outputting: 	148.493874 ms
