Total: 	9788.196572 ms
Inputting: 	2.325645 ms
Unfolding: 	83.718333 ms
Retrieving: 	7759.217738 ms
Outputting: 	1941.121529 ms
