Total: 	6936.146899 ms
Inputting: 	0.437276 ms
Unfolding: 	141.895836 ms
Retrieving: 	5322.230184 ms
Outputting: 	1467.330096 ms
