Total: 	4647.731097 ms
Inputting: 	0.795925 ms
Unfolding: 	15.412264 ms
Retrieving: 	4465.247805 ms
Outputting: 	165.809805 ms
