Total: 	1121.426238 ms
Inputting: 	0.518778 ms
Unfolding: 	4.653725 ms
Retrieving: 	1061.863327 ms
Outputting: 	53.998728 ms
