Total: 	32691.483205 ms
Inputting: 	1.811046 ms
Unfolding: 	6.722957 ms
Retrieving: 	31420.883838 ms
Outputting: 	1261.588199 ms
