Total: 	101.151405 ms
Inputting: 	2.309967 ms
Unfolding: 	10.683944 ms
Retrieving: 	87.573661 ms
Outputting: 	0.138832 ms
