Total: 	67360.678533 ms
Inputting: 	0.475989 ms
Unfolding: 	75.887163 ms
Retrieving: 	66191.335603 ms
Outputting: 	1092.37915 ms
