Total: 	1089.499105 ms
Inputting: 	3.002757 ms
Unfolding: 	7.285594 ms
Retrieving: 	1078.473063 ms
Outputting: 	0.206745 ms
