Total: 	409.884318 ms
Inputting: 	0.39469 ms
Unfolding: 	6.496941 ms
Retrieving: 	392.837181 ms
Outputting: 	9.694408 ms
