Total: 	3311.683296 ms
Inputting: 	0.456392 ms
Unfolding: 	69.423686 ms
Retrieving: 	3232.262839 ms
Outputting: 	8.897373 ms
