Total: 	5580.3599 ms
Inputting: 	0.417183 ms
Unfolding: 	29.655477 ms
Retrieving: 	5509.237085 ms
Outputting: 	40.607327 ms
