Total: 	49040.202634 ms
Inputting: 	0.388976 ms
Unfolding: 	31.65832 ms
Retrieving: 	48643.562286 ms
Outputting: 	364.040164 ms
