Total: 	91549.160562 ms
Inputting: 	0.440557 ms
Unfolding: 	114.11959 ms
Retrieving: 	90742.50832 ms
Outputting: 	691.495117 ms
