Total: 	1806.654478 ms
Inputting: 	0.377308 ms
Unfolding: 	4.785642 ms
Retrieving: 	1598.111596 ms
Outputting: 	203.077345 ms
