Total: 	36984.793243 ms
Inputting: 	0.352527 ms
Unfolding: 	3.696796 ms
Retrieving: 	33868.583733 ms
Outputting: 	3111.790501 ms
