Total: 	8907.41928 ms
Inputting: 	0.347059 ms
Unfolding: 	6.930358 ms
Retrieving: 	8264.7886 ms
Outputting: 	634.992684 ms
