Total: 	11054.214885 ms
Inputting: 	0.384912 ms
Unfolding: 	3.511852 ms
Retrieving: 	10517.356955 ms
Outputting: 	532.523182 ms
