Total: 	5211.400161 ms
Inputting: 	0.383742 ms
Unfolding: 	5.58691 ms
Retrieving: 	5123.546981 ms
Outputting: 	81.434174 ms
