Total: 	14842.566464 ms
Inputting: 	0.309348 ms
Unfolding: 	2.783334 ms
Retrieving: 	13875.989257 ms
Outputting: 	963.105811 ms
