Total: 	41362.85838 ms
Inputting: 	0.341254 ms
Unfolding: 	19.47983 ms
Retrieving: 	39445.420536 ms
Outputting: 	1897.07173 ms
