Total: 	87352.286371 ms
Inputting: 	0.336109 ms
Unfolding: 	55.897256 ms
Retrieving: 	86818.84819 ms
Outputting: 	476.506806 ms
