Total: 	163323.157115 ms
Inputting: 	0.313464 ms
Unfolding: 	74.131292 ms
Retrieving: 	162266.740707 ms
Outputting: 	981.240655 ms
