Total: 	177198.366259 ms
Inputting: 	3.655381 ms
Unfolding: 	215.290378 ms
Retrieving: 	176857.232737 ms
Outputting: 	119.090255 ms
