Total: 	1200244.544628 ms
Inputting: 	0.660996 ms
Unfolding: 	70.289899 ms
Retrieving: 	ERROR: SQL query execution returns NULL
