Total: 	6596.378519 ms
Inputting: 	0.599806 ms
Unfolding: 	23.765046 ms
Retrieving: 	5446.08543 ms
Outputting: 	1125.315853 ms
