Total: 	15730.20073 ms
Inputting: 	0.405465 ms
Unfolding: 	154.743907 ms
Retrieving: 	14055.298861 ms
Outputting: 	1508.299399 ms
