Total: 	1148.357944 ms
Inputting: 	0.690764 ms
Unfolding: 	19.646887 ms
Retrieving: 	952.024713 ms
Outputting: 	175.681337 ms
