Total: 	171.04101 ms
Inputting: 	0.382765 ms
Unfolding: 	9.539972 ms
Retrieving: 	90.55686 ms
Outputting: 	70.045149 ms
