Total: 	6322.024049 ms
Inputting: 	0.331331 ms
Unfolding: 	9.861792 ms
Retrieving: 	5244.158803 ms
Outputting: 	1067.306882 ms
