Total: 	135.261691 ms
Inputting: 	0.33094 ms
Unfolding: 	10.775723 ms
Retrieving: 	123.505455 ms
Outputting: 	0.219715 ms
