Total: 	49181.165979 ms
Inputting: 	0.347968 ms
Unfolding: 	185.418754 ms
Retrieving: 	47932.996893 ms
Outputting: 	1061.723314 ms
