Total: 	1156.412371 ms
Inputting: 	0.369778 ms
Unfolding: 	6.985281 ms
Retrieving: 	1148.493811 ms
Outputting: 	0.249024 ms
