Total: 	169.387688 ms
Inputting: 	0.35074 ms
Unfolding: 	8.134314 ms
Retrieving: 	151.447474 ms
Outputting: 	9.126573 ms
