Total: 	7706.638244 ms
Inputting: 	0.410781 ms
Unfolding: 	147.623096 ms
Retrieving: 	7537.195343 ms
Outputting: 	20.859549 ms
