Total: 	6524.595552 ms
Inputting: 	0.403614 ms
Unfolding: 	85.382424 ms
Retrieving: 	6382.925514 ms
Outputting: 	55.475697 ms
