Total: 	24412.852603 ms
Inputting: 	0.306448 ms
Unfolding: 	66.676618 ms
Retrieving: 	23664.974026 ms
Outputting: 	680.525676 ms
