Total: 	33902.593796 ms
Inputting: 	0.327083 ms
Unfolding: 	191.373245 ms
Retrieving: 	32992.88447 ms
Outputting: 	717.581263 ms
