Total: 	25696.862936 ms
Inputting: 	0.425076 ms
Unfolding: 	10.421569 ms
Retrieving: 	24685.487486 ms
Outputting: 	1000.246653 ms
