Total: 	27658.310052 ms
Inputting: 	2.163493 ms
Unfolding: 	8.041885 ms
Retrieving: 	26702.22891 ms
Outputting: 	945.485666 ms
