Total: 	7991.560332 ms
Inputting: 	0.414479 ms
Unfolding: 	6.03865 ms
Retrieving: 	7889.562496 ms
Outputting: 	95.224879 ms
