Total: 	20476.768776 ms
Inputting: 	0.298906 ms
Unfolding: 	2.862764 ms
Retrieving: 	19386.74573 ms
Outputting: 	1086.582444 ms
