Total: 	87291.46428 ms
Inputting: 	0.350997 ms
Unfolding: 	28.896353 ms
Retrieving: 	82444.501034 ms
Outputting: 	4817.319288 ms
