Total: 	129096.605066 ms
Inputting: 	0.421418 ms
Unfolding: 	71.042597 ms
Retrieving: 	126903.975987 ms
Outputting: 	2120.672036 ms
