Total: 	267912.357731 ms
Inputting: 	0.313984 ms
Unfolding: 	132.626221 ms
Retrieving: 	263783.45801 ms
Outputting: 	3995.31363 ms
