Total: 	158179.275686 ms
Inputting: 	0.406529 ms
Unfolding: 	5.996633 ms
Retrieving: 	154597.082639 ms
Outputting: 	3575.467492 ms
