Total: 	1462.410572 ms
Inputting: 	0.332035 ms
Unfolding: 	8.644706 ms
Retrieving: 	1447.016229 ms
Outputting: 	6.04692 ms
