Total: 	177480.960113 ms
Inputting: 	0.29312 ms
Unfolding: 	56.546381 ms
Retrieving: 	177332.642477 ms
Outputting: 	91.017463 ms
