Total: 	7443.445492 ms
Inputting: 	0.369221 ms
Unfolding: 	8.214535 ms
Retrieving: 	7066.821096 ms
Outputting: 	367.700627 ms
