Total: 	1264.911385 ms
Inputting: 	0.383086 ms
Unfolding: 	3.396882 ms
Retrieving: 	640.548623 ms
Outputting: 	620.202287 ms
