Total: 	417.495884 ms
Inputting: 	0.244758 ms
Unfolding: 	106.718154 ms
Retrieving: 	229.041949 ms
Outputting: 	78.456263 ms
