Total: 	4629.554133 ms
Inputting: 	0.125266 ms
Unfolding: 	40.139544 ms
Retrieving: 	1945.124893 ms
Outputting: 	2643.664839 ms
