Total: 	35.983256 ms
Inputting: 	0.430042 ms
Unfolding: 	11.684828 ms
Retrieving: 	15.509341 ms
Outputting: 	7.970404 ms
