Total: 	5184.965853 ms
Inputting: 	0.429363 ms
Unfolding: 	22.100404 ms
Retrieving: 	4057.042404 ms
Outputting: 	1105.003182 ms
