Total: 	17655.37763 ms
Inputting: 	0.65378 ms
Unfolding: 	195.043669 ms
Retrieving: 	15905.693245 ms
Outputting: 	1553.414447 ms
