Total: 	2379.861842 ms
Inputting: 	2.498294 ms
Unfolding: 	13.954931 ms
Retrieving: 	2328.294272 ms
Outputting: 	34.700378 ms
