Total: 	4569.934752 ms
Inputting: 	1.030521 ms
Unfolding: 	14.831921 ms
Retrieving: 	4541.169052 ms
Outputting: 	12.587263 ms
