Total: 	17060.551933 ms
Inputting: 	2.371906 ms
Unfolding: 	16.025835 ms
Retrieving: 	4540.778148 ms
Outputting: 	12501.043673 ms
