Total: 	9797.27221 ms
Inputting: 	1.692049 ms
Unfolding: 	22.608542 ms
Retrieving: 	247.280082 ms
Outputting: 	9525.291311 ms
