Total: 	4599.043985 ms
Inputting: 	0.425424 ms
Unfolding: 	484.827561 ms
Retrieving: 	4108.001199 ms
Outputting: 	5.277141 ms
