Total: 	176.483238 ms
Inputting: 	0.371653 ms
Unfolding: 	3.379992 ms
Retrieving: 	93.247368 ms
Outputting: 	79.089972 ms
