Total: 	3066.965346 ms
Inputting: 	0.404316 ms
Unfolding: 	48.928248 ms
Retrieving: 	192.041236 ms
Outputting: 	2825.083899 ms
