Total: 	6696.376141 ms
Inputting: 	0.36752 ms
Unfolding: 	165.113535 ms
Retrieving: 	1574.49232 ms
Outputting: 	4953.321635 ms
