Total: 	4668.889878 ms
Inputting: 	0.77191 ms
Unfolding: 	17.944699 ms
Retrieving: 	4528.500639 ms
Outputting: 	121.242939 ms
