Total: 	1095.725694 ms
Inputting: 	0.405959 ms
Unfolding: 	7.479267 ms
Retrieving: 	1012.81652 ms
Outputting: 	74.572122 ms
