Total: 	31999.493756 ms
Inputting: 	0.370755 ms
Unfolding: 	7.773484 ms
Retrieving: 	30718.69242 ms
Outputting: 	1272.289354 ms
