Total: 	87.534064 ms
Inputting: 	0.32944 ms
Unfolding: 	6.419064 ms
Retrieving: 	80.089946 ms
Outputting: 	0.213178 ms
