Total: 	37713.232632 ms
Inputting: 	0.580836 ms
Unfolding: 	149.395177 ms
Retrieving: 	36464.962735 ms
Outputting: 	1097.747318 ms
