Total: 	1087.379701 ms
Inputting: 	0.426631 ms
Unfolding: 	11.926532 ms
Retrieving: 	1074.519 ms
Outputting: 	0.162886 ms
