Total: 	430.085955 ms
Inputting: 	0.315085 ms
Unfolding: 	7.15323 ms
Retrieving: 	409.290273 ms
Outputting: 	13.028824 ms
