Total: 	2900.344107 ms
Inputting: 	0.431373 ms
Unfolding: 	106.336976 ms
Retrieving: 	2785.498726 ms
Outputting: 	7.513788 ms
