Total: 	5621.346117 ms
Inputting: 	0.394667 ms
Unfolding: 	63.843939 ms
Retrieving: 	5513.112701 ms
Outputting: 	43.583907 ms
