Total: 	28754.513118 ms
Inputting: 	0.403545 ms
Unfolding: 	52.122316 ms
Retrieving: 	28359.720959 ms
Outputting: 	341.837267 ms
