Total: 	65955.181974 ms
Inputting: 	0.414784 ms
Unfolding: 	203.212397 ms
Retrieving: 	65048.074302 ms
Outputting: 	702.991579 ms
