Total: 	1739.046894 ms
Inputting: 	0.25604 ms
Unfolding: 	3.882352 ms
Retrieving: 	1011.348487 ms
Outputting: 	723.217839 ms
