Total: 	35647.112488 ms
Inputting: 	0.454565 ms
Unfolding: 	5.366285 ms
Retrieving: 	21293.154074 ms
Outputting: 	14347.792074 ms
