Total: 	4527.950589 ms
Inputting: 	0.439562 ms
Unfolding: 	9.766526 ms
Retrieving: 	336.569377 ms
Outputting: 	4180.817522 ms
