Total: 	4700.155716 ms
Inputting: 	0.375999 ms
Unfolding: 	5.223555 ms
Retrieving: 	349.90922 ms
Outputting: 	4344.271846 ms
