Total: 	548.073556 ms
Inputting: 	0.388755 ms
Unfolding: 	5.029192 ms
Retrieving: 	221.715183 ms
Outputting: 	320.536876 ms
