Total: 	13707.381668 ms
Inputting: 	0.309636 ms
Unfolding: 	2.739527 ms
Retrieving: 	17.857907 ms
Outputting: 	13686.07472 ms
