Total: 	31974.218946 ms
Inputting: 	0.317878 ms
Unfolding: 	23.847379 ms
Retrieving: 	8434.058009 ms
Outputting: 	23515.510873 ms
