Total: 	56161.84771 ms
Inputting: 	0.414072 ms
Unfolding: 	92.571963 ms
Retrieving: 	52470.808928 ms
Outputting: 	3597.583196 ms
