Total: 	105460.143351 ms
Inputting: 	0.39262 ms
Unfolding: 	139.724205 ms
Retrieving: 	31125.25492 ms
Outputting: 	74193.906307 ms
