Total: 	39365.870068 ms
Inputting: 	0.393418 ms
Unfolding: 	7.499196 ms
Retrieving: 	11273.318276 ms
Outputting: 	28084.202828 ms
