Total: 	373.599555 ms
Inputting: 	0.668383 ms
Unfolding: 	8.314077 ms
Retrieving: 	342.660026 ms
Outputting: 	20.23373 ms
