Total: 	80869.07694 ms
Inputting: 	0.344616 ms
Unfolding: 	47.465558 ms
Retrieving: 	4646.262736 ms
Outputting: 	76081.61963 ms
