Total: 	10083.328318 ms
Inputting: 	1.974503 ms
Unfolding: 	11.270617 ms
Retrieving: 	1146.260803 ms
Outputting: 	2723.456262 ms
