Total: 	8.20758 ms
Inputting: 	0.396549 ms
Unfolding: 	3.650681 ms
Retrieving: 	2.560781 ms
Outputting: 	0.479244 ms
