Total: 	7.760231 ms
Inputting: 	0.370303 ms
Unfolding: 	4.007324 ms
Retrieving: 	2.254728 ms
Outputting: 	0.20259 ms
