Total: 	435.953336 ms
Inputting: 	0.273652 ms
Unfolding: 	139.410224 ms
Retrieving: 	291.754674 ms
Outputting: 	0.363609 ms
