Total: 	27916.522806 ms
Inputting: 	0.317791 ms
Unfolding: 	1.683734 ms
Retrieving: 	27661.838053 ms
Outputting: 	251.691998 ms
