Total: 	5735.606281 ms
Inputting: 	0.390671 ms
Unfolding: 	2.215038 ms
Retrieving: 	5567.604826 ms
Outputting: 	164.214089 ms
