Total: 	6539.776922 ms
Inputting: 	0.307936 ms
Unfolding: 	268.342954 ms
Retrieving: 	6268.477688 ms
Outputting: 	0.335586 ms
