Total: 	71.086792 ms
Inputting: 	0.298575 ms
Unfolding: 	3.066198 ms
Retrieving: 	65.72771 ms
Outputting: 	0.837337 ms
