Total: 	1000085.609902 ms
Inputting: 	0.377976 ms
Unfolding: 	59.070351 ms
Retrieving: 	ERROR: SQL query execution returns NULL
