Total: 	137.123104 ms
Inputting: 	0.362015 ms
Unfolding: 	3.85919 ms
Retrieving: 	131.385654 ms
Outputting: 	0.472214 ms
