Total: 	3269.579877 ms
Inputting: 	0.360364 ms
Unfolding: 	36.972809 ms
Retrieving: 	3230.562246 ms
Outputting: 	0.321117 ms
