Total: 	237.266924 ms
Inputting: 	0.363148 ms
Unfolding: 	4.212298 ms
Retrieving: 	231.154588 ms
Outputting: 	0.386736 ms
