Total: 	17491.425328 ms
Inputting: 	0.295065 ms
Unfolding: 	14.097945 ms
Retrieving: 	17473.855477 ms
Outputting: 	1.995525 ms
