Total: 	441150.273383 ms
Inputting: 	0.347187 ms
Unfolding: 	32.702103 ms
Retrieving: 	441114.839467 ms
Outputting: 	1.352344 ms
