Total: 	18.470943 ms
Inputting: 	0.279533 ms
Unfolding: 	3.622076 ms
Retrieving: 	12.467239 ms
Outputting: 	1.188208 ms
