Total: 	17184.145985 ms
Inputting: 	0.347271 ms
Unfolding: 	181.360591 ms
Retrieving: 	16437.852579 ms
Outputting: 	557.325238 ms
