Total: 	2435.695058 ms
Inputting: 	0.394125 ms
Unfolding: 	19.94163 ms
Retrieving: 	2132.922265 ms
Outputting: 	281.544154 ms
