Total: 	560.273412 ms
Inputting: 	0.383023 ms
Unfolding: 	71.496764 ms
Retrieving: 	360.669936 ms
Outputting: 	126.808874 ms
