Total: 	18357.473021 ms
Inputting: 	0.404908 ms
Unfolding: 	16.158349 ms
Retrieving: 	15888.008904 ms
Outputting: 	2451.944633 ms
