Total: 	42.04276 ms
Inputting: 	0.957394 ms
Unfolding: 	9.647951 ms
Retrieving: 	30.483867 ms
Outputting: 	0.164352 ms
