Total: 	216389.137361 ms
Inputting: 	0.401245 ms
Unfolding: 	194.872563 ms
Retrieving: 	213993.166175 ms
Outputting: 	2199.700311 ms
