Total: 	1351.73059 ms
Inputting: 	0.461639 ms
Unfolding: 	9.969367 ms
Retrieving: 	1339.834578 ms
Outputting: 	0.397465 ms
