Total: 	525.989256 ms
Inputting: 	0.334804 ms
Unfolding: 	8.109464 ms
Retrieving: 	514.421513 ms
Outputting: 	2.228238 ms
