Total: 	11943.235029 ms
Inputting: 	0.427672 ms
Unfolding: 	111.269774 ms
Retrieving: 	11812.375624 ms
Outputting: 	18.035352 ms
