Total: 	3705.729076 ms
Inputting: 	0.442512 ms
Unfolding: 	91.003416 ms
Retrieving: 	3503.944691 ms
Outputting: 	109.381256 ms
