Total: 	47360.993394 ms
Inputting: 	0.424695 ms
Unfolding: 	160.303462 ms
Retrieving: 	46512.64248 ms
Outputting: 	686.66208 ms
