Total: 	90265.467672 ms
Inputting: 	0.428523 ms
Unfolding: 	111.62115 ms
Retrieving: 	88781.067795 ms
Outputting: 	1371.38112 ms
