Total: 	14425.388517 ms
Inputting: 	0.423684 ms
Unfolding: 	8.679279 ms
Retrieving: 	14124.896505 ms
Outputting: 	290.602789 ms
