Total: 	16406.377301 ms
Inputting: 	0.38599 ms
Unfolding: 	4.367289 ms
Retrieving: 	16165.547364 ms
Outputting: 	235.189855 ms
