Total: 	10790.26213 ms
Inputting: 	0.427363 ms
Unfolding: 	4.567944 ms
Retrieving: 	10753.085367 ms
Outputting: 	31.487057 ms
