Total: 	22934.970408 ms
Inputting: 	0.336956 ms
Unfolding: 	3.077777 ms
Retrieving: 	22563.09393 ms
Outputting: 	367.817224 ms
