Total: 	49469.003414 ms
Inputting: 	0.387749 ms
Unfolding: 	32.475588 ms
Retrieving: 	48564.872869 ms
Outputting: 	870.18919 ms
