Total: 	81964.325462 ms
Inputting: 	0.399289 ms
Unfolding: 	95.491212 ms
Retrieving: 	81637.693951 ms
Outputting: 	229.637335 ms
