Total: 	138188.146272 ms
Inputting: 	0.419372 ms
Unfolding: 	181.019109 ms
Retrieving: 	137673.43449 ms
Outputting: 	332.147739 ms
