Total: 	8306.493575 ms
Inputting: 	0.35854 ms
Unfolding: 	13.090088 ms
Retrieving: 	8281.37545 ms
Outputting: 	10.741176 ms
