Total: 	6230.674368 ms
Inputting: 	0.40408 ms
Unfolding: 	7.448198 ms
Retrieving: 	6040.436702 ms
Outputting: 	181.533728 ms
